OrderID,OrderDate,OrderHour,PostingDate,ShipDate,CustomerID,Channel,SalesRegionKey,Currency,Status
SO-500001,2025-01-01,16,2025-01-01,2025-01-03,C10377,Online,3,USD,Completed
SO-500002,2025-01-01,10,2025-01-01,2025-01-02,C10256,Online,1,USD,Completed
SO-500003,2025-01-01,12,2025-01-01,2025-01-03,C10171,Online,2,USD,Completed
SO-500004,2025-01-01,11,2025-01-01,2025-01-03,C10087,Online,1,USD,Completed
SO-500005,2025-01-01,8,2025-01-01,2025-01-05,C10399,Online,4,USD,Completed
SO-500006,2025-01-01,19,2025-01-01,2025-01-04,C10334,Store,2,USD,Completed
SO-500007,2025-01-01,15,2025-01-01,2025-01-02,C10404,Store,2,USD,Completed
SO-500008,2025-01-02,22,2025-01-02,2025-01-04,C10233,Online,1,USD,Completed
SO-500009,2025-01-02,13,2025-01-02,2025-01-06,C10282,Online,3,USD,Completed
SO-500010,2025-01-02,13,2025-01-02,,C10222,Store,2,USD,Cancelled
SO-500011,2025-01-02,10,2025-01-02,2025-01-05,C10201,Online,3,USD,Completed
SO-500012,2025-01-03,17,2025-01-03,2025-01-04,C10352,Store,1,USD,Completed
SO-500013,2025-01-03,21,2025-01-03,2025-01-06,C10379,Online,2,USD,Completed
SO-500014,2025-01-03,18,2025-01-03,2025-01-04,C10267,Online,1,USD,Completed
SO-500015,2025-01-03,11,2025-01-03,2025-01-06,C10133,Online,1,USD,Completed
SO-500016,2025-01-03,21,2025-01-03,2025-01-05,C10148,Online,5,EUR,Completed
SO-500017,2025-01-04,18,2025-01-04,2025-01-06,C10410,Store,3,USD,Completed
SO-500018,2025-01-04,8,2025-01-04,2025-01-06,C10078,Store,2,USD,Completed
SO-500019,2025-01-04,14,2025-01-04,2025-01-06,C10177,Online,1,USD,Completed
SO-500020,2025-01-04,15,2025-01-04,2025-01-06,C10167,Store,3,USD,Completed
SO-500021,2025-01-04,17,2025-01-04,2025-01-05,C10051,Store,3,USD,Completed
SO-500022,2025-01-04,20,2025-01-04,2025-01-05,C10297,Online,1,USD,Completed
SO-500023,2025-01-05,17,2025-01-05,2025-01-09,C10061,Store,3,USD,Completed
SO-500024,2025-01-05,22,2025-01-05,2025-01-09,C10357,Online,1,USD,Completed
SO-500025,2025-01-05,11,2025-01-05,2025-01-06,C10298,Online,2,USD,Completed
SO-500026,2025-01-05,16,2025-01-05,2025-01-08,C10069,Online,3,USD,Completed
SO-500027,2025-01-05,17,2025-01-05,2025-01-09,C10103,Online,5,EUR,Completed
SO-500028,2025-01-05,22,2025-01-05,2025-01-08,C10143,Online,1,USD,Completed
SO-500029,2025-01-06,21,2025-01-06,2025-01-09,C10350,Store,1,USD,Completed
SO-500030,2025-01-06,10,2025-01-06,2025-01-08,C10273,Online,3,USD,Completed
SO-500031,2025-01-06,12,2025-01-06,2025-01-07,C10042,Online,3,USD,Completed
SO-500032,2025-01-06,21,2025-01-06,,C10345,Online,2,USD,Cancelled
SO-500033,2025-01-06,9,2025-01-06,2025-01-08,C10153,Online,1,USD,Completed
SO-500034,2025-01-06,21,2025-01-06,2025-01-11,C10077,Wholesale,4,USD,Completed
SO-500035,2025-01-07,20,2025-01-07,2025-01-09,C10188,Online,4,USD,Completed
SO-500036,2025-01-07,22,2025-01-07,2025-01-09,C10188,Store,4,USD,Completed
SO-500037,2025-01-07,16,2025-01-07,2025-01-11,C10090,Store,3,USD,Completed
SO-500038,2025-01-07,22,2025-01-07,2025-01-11,C10013,Online,4,USD,Completed
SO-500039,2025-01-08,13,2025-01-08,2025-01-09,C10149,Online,1,USD,Completed
SO-500040,2025-01-08,16,2025-01-08,2025-01-10,C10034,Online,1,USD,Completed
SO-500041,2025-01-08,20,2025-01-08,2025-01-12,C10258,Store,3,USD,Completed
SO-500042,2025-01-08,8,2025-01-08,2025-01-12,C10234,Store,5,EUR,Completed
SO-500043,2025-01-08,22,2025-01-08,2025-01-11,C10297,Online,4,USD,Completed
SO-500044,2025-01-08,19,2025-01-08,2025-01-10,C10217,Online,3,USD,Completed
SO-500045,2025-01-09,12,2025-01-09,2025-01-13,C10057,Online,4,USD,Completed
SO-500046,2025-01-09,14,2025-01-09,2025-01-13,C10189,Online,5,EUR,Completed
SO-500047,2025-01-09,17,2025-01-09,2025-01-12,C10345,Store,2,USD,Completed
SO-500048,2025-01-09,15,2025-01-09,2025-01-11,C10343,Online,5,EUR,Completed
SO-500049,2025-01-10,20,2025-01-10,2025-01-11,C10001,Online,5,EUR,Completed
SO-500050,2025-01-10,8,2025-01-10,2025-01-15,C10141,Wholesale,1,USD,Completed
SO-500051,2025-01-10,12,2025-01-10,2025-01-12,C10301,Online,1,USD,Completed
SO-500052,2025-01-10,19,2025-01-10,2025-01-11,C10376,Online,1,USD,Completed
SO-500053,2025-01-10,19,2025-01-10,2025-01-13,C10063,Store,3,USD,Completed
SO-500054,2025-01-10,13,2025-01-10,2025-01-14,C10374,Online,2,USD,Completed
SO-500055,2025-01-10,17,2025-01-10,2025-01-14,C10139,Store,1,USD,Completed
SO-500056,2025-01-11,18,2025-01-11,2025-01-12,C10077,Wholesale,4,USD,Completed
SO-500057,2025-01-11,13,2025-01-11,2025-01-12,C10354,Store,3,USD,Completed
SO-500058,2025-01-11,20,2025-01-11,2025-01-12,C10379,Staff,2,USD,Completed
SO-500059,2025-01-11,10,2025-01-11,2025-01-12,C10051,Store,3,USD,Completed
SO-500060,2025-01-11,13,2025-01-11,2025-01-14,C10348,Online,1,USD,Completed
SO-500061,2025-01-11,22,2025-01-11,2025-01-13,C10308,Online,1,USD,Completed
SO-500062,2025-01-11,14,2025-01-11,2025-01-12,C10261,Online,3,USD,Completed
SO-500063,2025-01-11,21,2025-01-11,2025-01-12,C10083,Online,4,USD,Completed
SO-500064,2025-01-12,16,2025-01-12,2025-01-14,C10016,Store,1,USD,Completed
SO-500065,2025-01-12,15,2025-01-12,2025-01-14,C10177,Store,1,USD,Completed
SO-500066,2025-01-12,17,2025-01-12,2025-01-13,C10002,Online,3,USD,Completed
SO-500067,2025-01-12,16,2025-01-12,2025-01-14,C10290,Online,5,EUR,Completed
SO-500068,2025-01-12,20,2025-01-12,2025-01-14,C10213,Online,1,USD,Completed
SO-500069,2025-01-12,13,2025-01-12,2025-01-16,C10083,Online,4,USD,Completed
SO-500070,2025-01-12,16,2025-01-12,,C10355,Online,2,USD,Cancelled
SO-500071,2025-01-12,10,2025-01-12,2025-01-13,C10221,Online,4,USD,Completed
SO-500072,2025-01-12,12,2025-01-12,2025-01-15,C10274,Store,5,EUR,Completed
SO-500073,2025-01-13,21,2025-01-13,2025-01-15,C10330,Online,4,USD,Completed
SO-500074,2025-01-13,20,2025-01-13,2025-01-20,C10400,Wholesale,3,USD,Completed
SO-500075,2025-01-13,20,2025-01-13,2025-01-15,C10310,Online,5,EUR,Completed
SO-500076,2025-01-13,20,2025-01-13,2025-01-16,C10026,Online,2,USD,Completed
SO-500077,2025-01-14,17,2025-01-14,2025-01-17,C10357,Online,1,USD,Completed
SO-500078,2025-01-14,12,2025-01-14,2025-01-18,C10139,Store,1,USD,Completed
SO-500079,2025-01-14,10,2025-01-14,2025-01-15,C10360,Online,1,USD,Completed
SO-500080,2025-01-14,9,2025-01-14,2025-01-16,C10356,Store,3,USD,Completed
SO-500081,2025-01-14,13,2025-01-14,2025-01-18,C10365,Store,2,USD,Completed
SO-500082,2025-01-14,10,2025-01-14,2025-01-17,C10248,Store,1,USD,Completed
SO-500083,2025-01-14,9,2025-01-14,2025-01-18,C10399,Online,4,USD,Completed
SO-500084,2025-01-15,11,2025-01-15,2025-01-19,C10233,Store,1,USD,Completed
SO-500085,2025-01-15,15,2025-01-15,2025-01-20,C10077,Wholesale,4,USD,Completed
SO-500086,2025-01-15,17,2025-01-15,2025-01-16,C10178,Online,2,USD,Completed
SO-500087,2025-01-15,8,2025-01-15,2025-01-18,C10203,Store,3,USD,Completed
SO-500088,2025-01-15,14,2025-01-15,2025-01-18,C10042,Online,3,USD,Completed
SO-500089,2025-01-15,8,2025-01-15,2025-01-17,C10077,Wholesale,4,USD,Completed
SO-500090,2025-01-15,22,2025-01-15,2025-01-17,C10139,Online,1,USD,Completed
SO-500091,2025-01-16,15,2025-01-16,2025-01-18,C10375,Store,3,USD,Completed
SO-500092,2025-01-16,17,2025-01-16,2025-01-17,C10350,Online,1,USD,Completed
SO-500093,2025-01-16,21,2025-01-16,2025-01-17,C10165,Online,5,EUR,Completed
SO-500094,2025-01-16,16,2025-01-16,2025-01-19,C10269,Store,2,USD,Completed
SO-500095,2025-01-16,15,2025-01-16,2025-01-17,C10249,Online,1,USD,Completed
SO-500096,2025-01-17,18,2025-01-17,2025-01-18,C10367,Online,5,EUR,Completed
SO-500097,2025-01-17,10,2025-01-17,2025-01-21,C10227,Store,1,USD,Completed
SO-500098,2025-01-17,22,2025-01-17,2025-01-20,C10105,Store,3,USD,Completed
SO-500099,2025-01-17,22,2025-01-17,2025-01-18,C10248,Online,1,USD,Completed
SO-500100,2025-01-17,10,2025-01-17,2025-01-20,C10018,Store,1,USD,Completed
SO-500101,2025-01-18,22,2025-01-18,2025-01-20,C10164,Store,1,USD,Completed
SO-500102,2025-01-18,12,2025-01-18,2025-01-19,C10211,Store,3,USD,Completed
SO-500103,2025-01-18,21,2025-01-18,2025-01-19,C10370,Online,1,USD,Completed
SO-500104,2025-01-18,9,2025-01-18,2025-01-22,C10370,Wholesale,1,USD,Completed
SO-500105,2025-01-18,15,2025-01-18,2025-01-21,C10100,Store,4,USD,Completed
SO-500106,2025-01-18,17,2025-01-18,2025-01-22,C10338,Online,3,USD,Completed
SO-500107,2025-01-18,14,2025-01-18,2025-01-22,C10252,Store,4,USD,Completed
SO-500108,2025-01-18,10,2025-01-18,2025-01-22,C10277,Online,2,USD,Completed
SO-500109,2025-01-18,20,2025-01-18,2025-01-21,C10259,Store,4,USD,Completed
SO-500110,2025-01-19,15,2025-01-19,2025-01-21,C10404,Online,2,USD,Completed
SO-500111,2025-01-19,13,2025-01-19,2025-01-22,C10256,Store,1,USD,Completed
SO-500112,2025-01-19,12,2025-01-19,2025-01-21,C10388,Online,1,USD,Completed
SO-500113,2025-01-19,17,2025-01-19,2025-01-20,C10077,Wholesale,4,USD,Completed
SO-500114,2025-01-19,12,2025-01-19,2025-01-22,C10379,Online,3,USD,Completed
SO-500115,2025-01-19,15,2025-01-19,2025-01-22,C10182,Online,2,USD,Completed
SO-500116,2025-01-19,16,2025-01-19,2025-01-23,C10336,Online,3,USD,Completed
SO-500117,2025-01-19,20,2025-01-19,2025-01-22,C10325,Store,2,USD,Completed
SO-500118,2025-01-19,16,2025-01-19,2025-01-22,C10250,Store,4,USD,Completed
SO-500119,2025-01-20,17,2025-01-20,2025-01-24,C10019,Online,3,USD,Completed
SO-500120,2025-01-20,11,2025-01-20,2025-01-21,C10338,Online,2,USD,Completed
SO-500121,2025-01-20,12,2025-01-20,2025-01-23,C10323,Online,1,USD,Completed
SO-500122,2025-01-20,21,2025-01-20,2025-01-24,C10179,Store,3,USD,Completed
SO-500123,2025-01-20,16,2025-01-20,2025-01-21,C10398,Online,2,USD,Completed
SO-500124,2025-01-21,13,2025-01-21,2025-01-23,C10178,Online,4,USD,Completed
SO-500125,2025-01-21,22,2025-01-21,2025-01-23,C10263,Staff,1,USD,Completed
SO-500126,2025-01-21,21,2025-01-21,2025-01-24,C10343,Store,5,EUR,Completed
SO-500127,2025-01-21,22,2025-01-21,2025-01-24,C10248,Online,1,USD,Completed
SO-500128,2025-01-21,8,2025-01-21,2025-01-24,C10171,Wholesale,2,USD,Completed
SO-500129,2025-01-21,12,2025-01-21,2025-01-22,C10057,Store,1,USD,Completed
SO-500130,2025-01-22,12,2025-01-22,2025-01-26,C10331,Store,5,EUR,Completed
SO-500131,2025-01-22,13,2025-01-22,2025-01-27,C10259,Wholesale,2,USD,Completed
SO-500132,2025-01-22,15,2025-01-22,2025-01-26,C10077,Wholesale,4,USD,Completed
SO-500133,2025-01-22,11,2025-01-22,2025-01-24,C10309,Online,2,USD,Completed
SO-500134,2025-01-23,20,2025-01-23,2025-01-27,C10056,Online,3,USD,Completed
SO-500135,2025-01-23,22,2025-01-23,2025-01-25,C10302,Online,3,USD,Completed
SO-500136,2025-01-23,14,2025-01-23,2025-01-27,C10178,Online,2,USD,Completed
SO-500137,2025-01-23,13,2025-01-23,2025-01-26,C10111,Store,5,EUR,Completed
SO-500138,2025-01-23,18,2025-01-23,2025-01-26,C10385,Online,1,USD,Completed
SO-500139,2025-01-23,18,2025-01-23,2025-01-26,C10087,Online,3,USD,Completed
SO-500140,2025-01-23,15,2025-01-23,2025-01-25,C10348,Staff,1,USD,Completed
SO-500141,2025-01-24,13,2025-01-24,2025-01-27,C10047,Store,1,USD,Completed
SO-500142,2025-01-24,8,2025-01-24,2025-01-26,C10064,Store,5,EUR,Completed
SO-500143,2025-01-24,22,2025-01-24,2025-01-25,C10038,Store,1,USD,Completed
SO-500144,2025-01-24,8,2025-01-24,2025-01-27,C10327,Online,3,USD,Completed
SO-500145,2025-01-24,17,2025-01-24,2025-01-27,C10062,Online,2,USD,Completed
SO-500146,2025-01-25,18,2025-01-25,2025-01-28,C10333,Store,1,USD,Completed
SO-500147,2025-01-25,19,2025-01-25,2025-01-27,C10192,Store,1,USD,Completed
SO-500148,2025-01-25,17,2025-01-25,,C10259,Online,4,USD,Cancelled
SO-500149,2025-01-25,8,2025-01-25,2025-01-29,C10415,Online,3,USD,Completed
SO-500150,2025-01-25,12,2025-01-25,2025-01-27,C10143,Store,3,USD,Completed
SO-500151,2025-01-25,20,2025-01-25,2025-01-29,C10141,Online,1,USD,Completed
SO-500152,2025-01-25,16,2025-01-25,2025-02-01,C10348,Wholesale,1,USD,Completed
SO-500153,2025-01-25,13,2025-01-25,2025-01-27,C10396,Store,1,USD,Completed
SO-500154,2025-01-25,17,2025-01-25,2025-01-27,C10311,Store,2,USD,Completed
SO-500155,2025-01-26,18,2025-01-26,2025-01-28,C10160,Store,2,USD,Completed
SO-500156,2025-01-26,16,2025-01-26,2025-01-29,C10259,Online,4,USD,Completed
SO-500157,2025-01-26,13,2025-01-26,2025-01-27,C10396,Store,1,USD,Completed
SO-500158,2025-01-26,22,2025-01-26,2025-01-30,C10340,Online,1,USD,Completed
SO-500159,2025-01-26,10,2025-01-26,2025-01-30,C10327,Store,3,USD,Completed
SO-500160,2025-01-26,19,2025-01-26,2025-01-27,C10103,Store,5,EUR,Completed
SO-500161,2025-01-26,15,2025-01-26,2025-01-30,C10301,Online,1,USD,Completed
SO-500162,2025-01-27,20,2025-01-27,2025-01-30,C10077,Wholesale,4,USD,Completed
SO-500163,2025-01-27,20,2025-01-27,2025-01-30,C10118,Store,1,USD,Completed
SO-500164,2025-01-27,14,2025-01-27,2025-01-30,C10407,Store,4,USD,Completed
SO-500165,2025-01-27,21,2025-01-27,2025-01-31,C10103,Online,5,EUR,Completed
SO-500166,2025-01-27,15,2025-01-27,2025-01-31,C10330,Online,4,USD,Completed
SO-500167,2025-01-27,16,2025-01-27,2025-01-31,C10040,Online,1,USD,Completed
SO-500168,2025-01-28,22,2025-01-28,2025-02-01,C10046,Store,1,USD,Completed
SO-500169,2025-01-28,9,2025-01-28,2025-01-31,C10171,Online,2,USD,Completed
SO-500170,2025-01-28,8,2025-01-28,2025-02-01,C10203,Online,3,USD,Completed
SO-500171,2025-01-28,19,2025-01-28,2025-01-29,C10054,Online,2,USD,Completed
SO-500172,2025-01-28,13,2025-01-28,2025-01-30,C10301,Online,3,USD,Completed
SO-500173,2025-01-28,21,2025-01-28,2025-01-30,C10040,Online,3,USD,Completed
SO-500174,2025-01-29,18,2025-01-29,2025-02-02,C10387,Online,1,USD,Completed
SO-500175,2025-01-29,16,2025-01-29,2025-01-30,C10220,Online,1,USD,Completed
SO-500176,2025-01-29,11,2025-01-29,2025-01-31,C10345,Online,2,USD,Completed
SO-500177,2025-01-29,16,2025-01-29,2025-01-30,C10143,Online,2,USD,Completed
SO-500178,2025-01-29,12,2025-01-29,2025-02-01,C10244,Online,1,USD,Completed
SO-500179,2025-01-29,10,2025-01-29,2025-02-01,C10002,Store,3,USD,Completed
SO-500180,2025-01-30,11,2025-01-30,2025-02-03,C10235,Online,4,USD,Completed
SO-500181,2025-01-30,22,2025-01-30,,C10311,Online,2,USD,Cancelled
SO-500182,2025-01-30,21,2025-01-30,2025-02-02,C10016,Online,1,USD,Completed
SO-500183,2025-01-30,22,2025-01-30,2025-02-02,C10392,Store,5,EUR,Completed
SO-500184,2025-01-30,17,2025-01-30,2025-01-31,C10033,Online,3,USD,Completed
SO-500185,2025-01-31,16,2025-01-31,2025-02-01,C10235,Store,4,USD,Completed
SO-500186,2025-01-31,15,2025-01-31,2025-02-02,C10114,Store,3,USD,Completed
SO-500187,2025-01-31,13,2025-01-31,2025-02-04,C10027,Online,2,USD,Completed
SO-500188,2025-01-31,14,2025-01-31,2025-02-02,C10166,Online,1,USD,Completed
SO-500189,2025-01-31,13,2025-01-31,2025-02-03,C10042,Online,3,USD,Completed
SO-500190,2025-01-31,18,2025-02-01,2025-02-02,C10348,Store,1,USD,Completed
SO-500191,2025-01-31,15,2025-01-31,2025-02-04,C10365,Store,2,USD,Completed
SO-500192,2025-02-01,19,2025-02-01,2025-02-03,C10221,Online,1,USD,Completed
SO-500193,2025-02-01,10,2025-02-01,2025-02-04,C10280,Online,1,USD,Completed
SO-500194,2025-02-01,10,2025-02-01,2025-02-02,C10079,Online,3,USD,Completed
SO-500195,2025-02-01,12,2025-02-01,2025-02-07,C10008,Wholesale,3,USD,Completed
SO-500196,2025-02-01,19,2025-02-01,2025-02-04,C10175,Store,1,USD,Completed
SO-500197,2025-02-01,14,2025-02-01,2025-02-03,C10040,Online,1,USD,Completed
SO-500198,2025-02-02,8,2025-02-02,2025-02-03,C10233,Store,1,USD,Completed
SO-500199,2025-02-02,20,2025-02-02,2025-02-05,C10342,Store,5,EUR,Completed
SO-500200,2025-02-02,18,2025-02-02,2025-02-03,C10077,Wholesale,4,USD,Completed
SO-500201,2025-02-02,14,2025-02-02,2025-02-04,C10188,Online,4,USD,Completed
SO-500202,2025-02-02,19,2025-02-02,2025-02-05,C10391,Store,2,USD,Completed
SO-500203,2025-02-02,20,2025-02-02,2025-02-06,C10418,Online,3,USD,Completed
SO-500204,2025-02-02,9,2025-02-02,2025-02-03,C10370,Wholesale,1,USD,Completed
SO-500205,2025-02-03,18,2025-02-03,2025-02-05,C10093,Store,1,USD,Completed
SO-500206,2025-02-03,16,2025-02-03,2025-02-06,C10041,Online,1,USD,Completed
SO-500207,2025-02-03,9,2025-02-03,2025-02-06,C10400,Store,1,USD,Completed
SO-500208,2025-02-03,16,2025-02-03,2025-02-07,C10234,Online,5,EUR,Completed
SO-500209,2025-02-03,18,2025-02-03,2025-02-04,C10366,Store,1,USD,Completed
SO-500210,2025-02-03,9,2025-02-03,2025-02-05,C10215,Online,2,USD,Completed
SO-500211,2025-02-04,10,2025-02-04,2025-02-05,C10379,Store,2,USD,Completed
SO-500212,2025-02-04,19,2025-02-04,2025-02-08,C10215,Online,2,USD,Completed
SO-500213,2025-02-04,22,2025-02-04,2025-02-05,C10068,Online,4,USD,Completed
SO-500214,2025-02-04,12,2025-02-04,,C10173,Online,1,USD,Cancelled
SO-500215,2025-02-04,11,2025-02-04,2025-02-05,C10415,Online,2,USD,Completed
SO-500216,2025-02-05,22,2025-02-05,2025-02-06,C10154,Online,5,EUR,Completed
SO-500217,2025-02-05,13,2025-02-05,2025-02-09,C10278,Online,5,EUR,Completed
SO-500218,2025-02-05,13,2025-02-05,2025-02-06,C10158,Online,4,USD,Completed
SO-500219,2025-02-05,20,2025-02-05,2025-02-07,C10297,Store,2,USD,Completed
SO-500220,2025-02-06,13,2025-02-06,2025-02-08,C10291,Store,2,USD,Completed
SO-500221,2025-02-06,11,2025-02-06,2025-02-10,C10018,Store,1,USD,Completed
SO-500222,2025-02-06,20,2025-02-06,2025-02-09,C10203,Online,1,USD,Completed
SO-500223,2025-02-06,11,2025-02-06,2025-02-10,C10213,Online,1,USD,Completed
SO-500224,2025-02-06,18,2025-02-06,2025-02-08,C10084,Online,2,USD,Completed
SO-500225,2025-02-06,10,2025-02-06,2025-02-09,C10152,Store,5,EUR,Completed
SO-500226,2025-02-06,14,2025-02-06,2025-02-10,C10196,Store,1,USD,Completed
SO-500227,2025-02-07,14,2025-02-07,2025-02-10,C10119,Online,1,USD,Completed
SO-500228,2025-02-07,19,2025-02-07,2025-02-08,C10129,Online,2,USD,Completed
SO-500229,2025-02-07,21,2025-02-07,2025-02-08,C10091,Store,3,USD,Completed
SO-500230,2025-02-07,19,2025-02-07,2025-02-11,C10083,Online,4,USD,Completed
SO-500231,2025-02-07,11,2025-02-07,2025-02-11,C10218,Store,1,USD,Completed
SO-500232,2025-02-08,12,2025-02-08,2025-02-12,C10204,Store,1,USD,Completed
SO-500233,2025-02-08,10,2025-02-08,2025-02-11,C10340,Online,1,USD,Completed
SO-500234,2025-02-08,15,2025-02-08,2025-02-11,C10255,Online,3,USD,Completed
SO-500235,2025-02-08,21,2025-02-08,2025-02-09,C10352,Online,1,USD,Completed
SO-500236,2025-02-08,8,2025-02-08,2025-02-13,C10077,Wholesale,4,USD,Completed
SO-500237,2025-02-08,16,2025-02-08,2025-02-11,C10259,Store,4,USD,Completed
SO-500238,2025-02-08,12,2025-02-08,2025-02-09,C10172,Online,2,USD,Completed
SO-500239,2025-02-09,19,2025-02-09,2025-02-11,C10139,Online,1,USD,Completed
SO-500240,2025-02-09,16,2025-02-09,2025-02-12,C10188,Online,4,USD,Completed
SO-500241,2025-02-09,20,2025-02-09,2025-02-11,C10218,Online,1,USD,Completed
SO-500242,2025-02-09,9,2025-02-09,2025-02-12,C10402,Store,4,USD,Completed
SO-500243,2025-02-09,18,2025-02-09,2025-02-13,C10030,Store,3,USD,Completed
SO-500244,2025-02-09,13,2025-02-09,2025-02-11,C10116,Online,2,USD,Completed
SO-500245,2025-02-09,13,2025-02-09,2025-02-10,C10128,Store,3,USD,Completed
SO-500246,2025-02-10,14,2025-02-10,2025-02-12,C10143,Online,1,USD,Completed
SO-500247,2025-02-10,12,2025-02-10,,C10333,Store,1,USD,Cancelled
SO-500248,2025-02-10,16,2025-02-10,2025-02-11,C10031,Online,3,USD,Completed
SO-500249,2025-02-10,19,2025-02-10,2025-02-13,C10338,Online,2,USD,Completed
SO-500250,2025-02-10,13,2025-02-10,2025-02-11,C10068,Store,4,USD,Completed
SO-500251,2025-02-10,12,2025-02-10,2025-02-13,C10124,Online,2,USD,Completed
SO-500252,2025-02-10,15,2025-02-10,2025-02-13,C10185,Store,1,USD,Completed
SO-500253,2025-02-11,10,2025-02-11,2025-02-13,C10039,Store,5,EUR,Completed
SO-500254,2025-02-11,22,2025-02-11,2025-02-12,C10371,Online,3,USD,Completed
SO-500255,2025-02-11,16,2025-02-11,2025-02-12,C10263,Online,1,USD,Completed
SO-500256,2025-02-11,19,2025-02-11,2025-02-14,C10226,Online,3,USD,Completed
SO-500257,2025-02-11,10,2025-02-11,2025-02-15,C10042,Online,3,USD,Completed
SO-500258,2025-02-12,13,2025-02-12,2025-02-13,C10173,Store,1,USD,Completed
SO-500259,2025-02-12,17,2025-02-12,2025-02-16,C10100,Online,4,USD,Completed
SO-500260,2025-02-12,9,2025-02-12,2025-02-16,C10073,Store,1,USD,Completed
SO-500261,2025-02-12,8,2025-02-12,2025-02-13,C10231,Online,3,USD,Completed
SO-500262,2025-02-12,9,2025-02-12,2025-02-16,C10323,Online,2,USD,Completed
SO-500263,2025-02-12,16,2025-02-12,2025-02-15,C10077,Wholesale,4,USD,Completed
SO-500264,2025-02-13,11,2025-02-13,2025-02-15,C10396,Store,1,USD,Completed
SO-500265,2025-02-13,13,2025-02-13,2025-02-14,C10062,Online,2,USD,Completed
SO-500266,2025-02-13,17,2025-02-13,2025-02-17,C10266,Store,3,USD,Completed
SO-500267,2025-02-13,19,2025-02-13,2025-02-15,C10250,Online,4,USD,Completed
SO-500268,2025-02-14,9,2025-02-14,2025-02-16,C10041,Online,4,USD,Completed
SO-500269,2025-02-14,8,2025-02-14,2025-02-15,C10350,Online,1,USD,Completed
SO-500270,2025-02-14,14,2025-02-14,2025-02-17,C10168,Store,1,USD,Completed
SO-500271,2025-02-14,17,2025-02-14,2025-02-17,C10102,Online,1,USD,Completed
SO-500272,2025-02-14,21,2025-02-14,2025-02-16,C10377,Store,3,USD,Completed
SO-500273,2025-02-15,13,2025-02-15,2025-02-16,C10263,Store,1,USD,Completed
SO-500274,2025-02-15,14,2025-02-15,2025-02-21,C10141,Wholesale,4,USD,Completed
SO-500275,2025-02-15,15,2025-02-15,2025-02-16,C10105,Store,3,USD,Completed
SO-500276,2025-02-15,9,2025-02-15,2025-02-16,C10255,Online,3,USD,Completed
SO-500277,2025-02-15,14,2025-02-15,2025-02-16,C10205,Online,1,USD,Completed
SO-500278,2025-02-15,10,2025-02-15,2025-02-18,C10062,Store,2,USD,Completed
SO-500279,2025-02-15,19,2025-02-15,2025-02-17,C10301,Wholesale,3,USD,Completed
SO-500280,2025-02-16,22,2025-02-16,2025-02-17,C10116,Store,3,USD,Completed
SO-500281,2025-02-16,10,2025-02-16,2025-02-18,C10396,Online,1,USD,Completed
SO-500282,2025-02-16,22,2025-02-16,2025-02-20,C10378,Online,2,USD,Completed
SO-500283,2025-02-16,16,2025-02-16,2025-02-20,C10274,Online,5,EUR,Completed
SO-500284,2025-02-16,21,2025-02-16,2025-02-20,C10259,Online,4,USD,Completed
SO-500285,2025-02-16,9,2025-02-16,2025-02-17,C10357,Online,1,USD,Completed
SO-500286,2025-02-17,22,2025-02-17,2025-02-20,C10335,Online,1,USD,Completed
SO-500287,2025-02-17,15,2025-02-17,2025-02-18,C10052,Store,3,USD,Completed
SO-500288,2025-02-17,16,2025-02-17,2025-02-18,C10110,Store,4,USD,Completed
SO-500289,2025-02-17,12,2025-02-17,2025-02-18,C10268,Store,2,USD,Completed
SO-500290,2025-02-17,12,2025-02-17,2025-02-19,C10413,Store,5,EUR,Completed
SO-500291,2025-02-17,13,2025-02-17,2025-02-18,C10051,Wholesale,3,USD,Completed
SO-500292,2025-02-17,12,2025-02-17,2025-02-19,C10357,Online,1,USD,Completed
SO-500293,2025-02-18,10,2025-02-18,,C10106,Online,3,USD,Cancelled
SO-500294,2025-02-18,21,2025-02-18,2025-02-22,C10373,Store,4,USD,Completed
SO-500295,2025-02-18,22,2025-02-18,2025-02-21,C10016,Store,1,USD,Completed
SO-500296,2025-02-18,10,2025-02-18,2025-02-19,C10044,Online,4,USD,Completed
SO-500297,2025-02-19,12,2025-02-19,2025-02-20,C10150,Online,4,USD,Completed
SO-500298,2025-02-19,19,2025-02-19,2025-02-20,C10114,Store,3,USD,Completed
SO-500299,2025-02-19,14,2025-02-19,2025-02-20,C10259,Store,4,USD,Completed
SO-500300,2025-02-19,17,2025-02-19,2025-02-20,C10153,Online,2,USD,Completed
SO-500301,2025-02-20,19,2025-02-20,2025-02-23,C10031,Online,3,USD,Completed
SO-500302,2025-02-20,20,2025-02-20,2025-02-21,C10261,Online,3,USD,Completed
SO-500303,2025-02-20,10,2025-02-20,2025-02-24,C10258,Store,3,USD,Completed
SO-500304,2025-02-20,12,2025-02-20,2025-02-21,C10056,Store,2,USD,Completed
SO-500305,2025-02-20,13,2025-02-20,2025-02-22,C10348,Online,1,USD,Completed
SO-500306,2025-02-21,17,2025-02-21,2025-02-22,C10139,Store,1,USD,Completed
SO-500307,2025-02-21,20,2025-02-21,2025-02-25,C10339,Online,1,USD,Completed
SO-500308,2025-02-21,14,2025-02-21,2025-02-22,C10357,Store,1,USD,Completed
SO-500309,2025-02-21,19,2025-02-21,2025-02-23,C10368,Online,1,USD,Completed
SO-500310,2025-02-21,21,2025-02-21,2025-02-25,C10171,Online,2,USD,Completed
SO-500311,2025-02-22,11,2025-02-22,2025-02-25,C10022,Online,5,EUR,Completed
SO-500312,2025-02-22,10,2025-02-22,2025-02-26,C10149,Store,4,USD,Completed
SO-500313,2025-02-22,21,2025-02-22,2025-02-23,C10017,Store,1,USD,Completed
SO-500314,2025-02-22,13,2025-02-22,2025-02-24,C10369,Store,4,USD,Completed
SO-500315,2025-02-22,15,2025-02-22,2025-02-25,C10323,Store,2,USD,Completed
SO-500316,2025-02-22,9,2025-02-22,2025-02-25,C10259,Online,4,USD,Completed
SO-500317,2025-02-23,20,2025-02-23,,C10139,Online,1,USD,Cancelled
SO-500318,2025-02-23,21,2025-02-23,2025-02-25,C10396,Online,1,USD,Completed
SO-500319,2025-02-23,20,2025-02-23,2025-02-25,C10145,Store,1,USD,Completed
SO-500320,2025-02-23,15,2025-02-23,2025-02-24,C10163,Online,3,USD,Completed
SO-500321,2025-02-23,16,2025-02-23,2025-02-27,C10034,Store,1,USD,Completed
SO-500322,2025-02-23,22,2025-02-23,2025-02-27,C10353,Online,3,USD,Completed
SO-500323,2025-02-23,11,2025-02-23,2025-02-26,C10037,Store,1,USD,Completed
SO-500324,2025-02-23,16,2025-02-23,2025-03-02,C10396,Wholesale,1,USD,Completed
SO-500325,2025-02-24,20,2025-02-24,2025-02-27,C10234,Store,5,EUR,Completed
SO-500326,2025-02-24,9,2025-02-24,2025-02-26,C10052,Online,3,USD,Completed
SO-500327,2025-02-24,17,2025-02-24,2025-02-26,C10173,Online,1,USD,Completed
SO-500328,2025-02-24,20,2025-02-24,2025-02-26,C10414,Store,5,EUR,Completed
SO-500329,2025-02-24,16,2025-02-24,2025-02-27,C10060,Store,3,USD,Completed
SO-500330,2025-02-24,10,2025-02-24,2025-02-25,C10333,Store,1,USD,Completed
SO-500331,2025-02-24,14,2025-02-24,2025-02-25,C10043,Online,5,EUR,Completed
SO-500332,2025-02-24,12,2025-02-24,2025-02-27,C10261,Online,1,USD,Completed
SO-500333,2025-02-25,21,2025-02-25,2025-02-27,C10188,Online,4,USD,Completed
SO-500334,2025-02-25,19,2025-02-25,2025-02-27,C10300,Store,4,USD,Completed
SO-500335,2025-02-25,16,2025-02-25,2025-02-28,C10265,Store,3,USD,Completed
SO-500336,2025-02-25,15,2025-02-25,2025-02-28,C10011,Online,4,USD,Completed
SO-500337,2025-02-25,8,2025-02-25,2025-02-26,C10149,Online,4,USD,Completed
SO-500338,2025-02-25,20,2025-02-25,2025-02-26,C10029,Online,2,USD,Completed
SO-500339,2025-02-26,19,2025-02-26,2025-03-02,C10043,Online,5,EUR,Completed
SO-500340,2025-02-26,17,2025-02-26,2025-03-02,C10259,Online,4,USD,Completed
SO-500341,2025-02-26,9,2025-02-26,2025-03-01,C10261,Store,3,USD,Completed
SO-500342,2025-02-26,13,2025-02-26,2025-02-28,C10081,Online,3,USD,Completed
SO-500343,2025-02-27,11,2025-02-27,2025-03-03,C10188,Store,4,USD,Completed
SO-500344,2025-02-27,22,2025-02-27,2025-02-28,C10141,Online,1,USD,Completed
SO-500345,2025-02-27,11,2025-02-27,2025-03-03,C10285,Store,2,USD,Completed
SO-500346,2025-02-27,18,2025-02-27,2025-03-05,C10233,Wholesale,1,USD,Completed
SO-500347,2025-02-27,13,2025-02-27,2025-03-01,C10158,Online,4,USD,Completed
SO-500348,2025-02-27,14,2025-02-27,2025-03-01,C10405,Online,5,EUR,Completed
SO-500349,2025-02-27,20,2025-02-27,2025-02-28,C10141,Online,1,USD,Completed
SO-500350,2025-02-28,10,2025-02-28,2025-03-04,C10128,Online,3,USD,Completed
SO-500351,2025-02-28,12,2025-02-28,,C10162,Store,2,USD,Cancelled
SO-500352,2025-02-28,18,2025-03-01,2025-03-04,C10403,Online,2,USD,Completed
SO-500353,2025-02-28,13,2025-02-28,2025-03-01,C10389,Online,1,USD,Completed
SO-500354,2025-02-28,22,2025-03-01,2025-03-03,C10348,Online,1,USD,Completed
SO-500355,2025-02-28,22,2025-03-01,2025-03-03,C10217,Store,3,USD,Completed
SO-500356,2025-02-28,12,2025-02-28,2025-03-04,C10284,Online,4,USD,Completed
SO-500357,2025-03-01,8,2025-03-01,2025-03-03,C10320,Store,3,USD,Completed
SO-500358,2025-03-01,20,2025-03-01,2025-03-05,C10126,Online,5,EUR,Completed
SO-500359,2025-03-01,16,2025-03-01,2025-03-04,C10188,Online,4,USD,Completed
SO-500360,2025-03-01,8,2025-03-01,2025-03-03,C10383,Online,1,USD,Completed
SO-500361,2025-03-01,21,2025-03-01,2025-03-03,C10321,Store,1,USD,Completed
SO-500362,2025-03-01,19,2025-03-01,2025-03-03,C10053,Online,2,USD,Completed
SO-500363,2025-03-01,16,2025-03-01,2025-03-04,C10173,Online,1,USD,Completed
SO-500364,2025-03-01,15,2025-03-01,2025-03-02,C10110,Online,4,USD,Completed
SO-500365,2025-03-01,9,2025-03-01,2025-03-05,C10107,Store,1,USD,Completed
SO-500366,2025-03-01,22,2025-03-01,2025-03-05,C10370,Online,1,USD,Completed
SO-500367,2025-03-02,19,2025-03-02,2025-03-06,C10360,Online,1,USD,Completed
SO-500368,2025-03-02,9,2025-03-02,2025-03-03,C10230,Store,1,USD,Completed
SO-500369,2025-03-02,13,2025-03-02,2025-03-04,C10055,Online,5,EUR,Completed
SO-500370,2025-03-02,8,2025-03-02,,C10313,Store,1,USD,Cancelled
SO-500371,2025-03-02,20,2025-03-02,2025-03-04,C10194,Online,5,EUR,Completed
SO-500372,2025-03-02,21,2025-03-02,2025-03-06,C10113,Online,3,USD,Completed
SO-500373,2025-03-02,10,2025-03-02,2025-03-06,C10259,Store,4,USD,Completed
SO-500374,2025-03-02,21,2025-03-02,2025-03-05,C10100,Online,2,USD,Completed
SO-500375,2025-03-03,21,2025-03-03,2025-03-04,C10170,Store,3,USD,Completed
SO-500376,2025-03-03,19,2025-03-03,2025-03-06,C10101,Online,2,USD,Completed
SO-500377,2025-03-03,12,2025-03-03,2025-03-06,C10339,Store,1,USD,Completed
SO-500378,2025-03-03,9,2025-03-03,2025-03-05,C10344,Online,4,USD,Completed
SO-500379,2025-03-03,19,2025-03-03,2025-03-06,C10157,Online,4,USD,Completed
SO-500380,2025-03-03,9,2025-03-03,2025-03-05,C10341,Online,3,USD,Completed
SO-500381,2025-03-03,14,2025-03-03,2025-03-04,C10025,Store,2,USD,Completed
SO-500382,2025-03-03,12,2025-03-03,2025-03-07,C10279,Online,3,USD,Completed
SO-500383,2025-03-04,19,2025-03-04,2025-03-06,C10320,Online,1,USD,Completed
SO-500384,2025-03-04,17,2025-03-04,2025-03-06,C10407,Online,4,USD,Completed
SO-500385,2025-03-04,18,2025-03-04,2025-03-08,C10205,Online,1,USD,Completed
SO-500386,2025-03-04,9,2025-03-04,2025-03-08,C10206,Store,1,USD,Completed
SO-500387,2025-03-04,21,2025-03-04,2025-03-08,C10407,Online,4,USD,Completed
SO-500388,2025-03-05,8,2025-03-05,2025-03-06,C10083,Store,4,USD,Completed
SO-500389,2025-03-05,14,2025-03-05,2025-03-08,C10234,Store,5,EUR,Completed
SO-500390,2025-03-05,20,2025-03-05,2025-03-07,C10341,Store,1,USD,Completed
SO-500391,2025-03-05,8,2025-03-05,2025-03-09,C10072,Online,3,USD,Completed
SO-500392,2025-03-05,8,2025-03-05,2025-03-09,C10401,Store,2,USD,Completed
SO-500393,2025-03-05,14,2025-03-05,2025-03-06,C10002,Store,4,USD,Completed
SO-500394,2025-03-06,8,2025-03-06,2025-03-07,C10370,Online,3,USD,Completed
SO-500395,2025-03-06,13,2025-03-06,2025-03-07,C10390,Online,3,USD,Completed
SO-500396,2025-03-06,18,2025-03-06,2025-03-13,C10077,Wholesale,4,USD,Completed
SO-500397,2025-03-06,17,2025-03-06,2025-03-07,C10087,Store,3,USD,Completed
SO-500398,2025-03-06,14,2025-03-06,2025-03-07,C10062,Wholesale,2,USD,Completed
SO-500399,2025-03-06,14,2025-03-06,2025-03-07,C10289,Online,4,USD,Completed
SO-500400,2025-03-06,21,2025-03-06,2025-03-10,C10106,Wholesale,3,USD,Completed
SO-500401,2025-03-07,19,2025-03-07,2025-03-10,C10031,Store,1,USD,Completed
SO-500402,2025-03-07,13,2025-03-07,2025-03-11,C10113,Store,1,USD,Completed
SO-500403,2025-03-07,13,2025-03-07,2025-03-08,C10323,Store,2,USD,Completed
SO-500404,2025-03-07,11,2025-03-07,2025-03-10,C10038,Online,1,USD,Completed
SO-500405,2025-03-07,16,2025-03-07,2025-03-10,C10048,Online,3,USD,Completed
SO-500406,2025-03-07,22,2025-03-07,2025-03-09,C10051,Staff,3,USD,Completed
SO-500407,2025-03-08,8,2025-03-08,2025-03-11,C10188,Store,4,USD,Completed
SO-500408,2025-03-08,17,2025-03-08,2025-03-10,C10154,Store,5,EUR,Completed
SO-500409,2025-03-08,14,2025-03-08,2025-03-11,C10113,Online,3,USD,Completed
SO-500410,2025-03-08,21,2025-03-08,2025-03-09,C10309,Online,4,USD,Completed
SO-500411,2025-03-08,15,2025-03-08,2025-03-10,C10259,Store,3,USD,Completed
SO-500412,2025-03-08,17,2025-03-08,2025-03-12,C10100,Store,2,USD,Completed
SO-500413,2025-03-08,16,2025-03-08,2025-03-09,C10348,Store,1,USD,Completed
SO-500414,2025-03-09,11,2025-03-09,2025-03-10,C10349,Store,4,USD,Completed
SO-500415,2025-03-09,10,2025-03-09,2025-03-13,C10322,Store,1,USD,Completed
SO-500416,2025-03-09,12,2025-03-09,2025-03-10,C10077,Wholesale,4,USD,Completed
SO-500417,2025-03-09,19,2025-03-09,2025-03-13,C10395,Store,1,USD,Completed
SO-500418,2025-03-09,21,2025-03-09,2025-03-10,C10380,Online,2,USD,Completed
SO-500419,2025-03-09,22,2025-03-09,2025-03-13,C10400,Online,1,USD,Completed
SO-500420,2025-03-09,12,2025-03-09,2025-03-13,C10100,Online,1,USD,Completed
SO-500421,2025-03-10,16,2025-03-10,2025-03-13,C10188,Online,4,USD,Completed
SO-500422,2025-03-10,12,2025-03-10,2025-03-13,C10016,Store,1,USD,Completed
SO-500423,2025-03-10,17,2025-03-10,2025-03-14,C10391,Online,2,USD,Completed
SO-500424,2025-03-10,18,2025-03-10,2025-03-14,C10356,Store,3,USD,Completed
SO-500425,2025-03-10,20,2025-03-10,2025-03-11,C10141,Store,1,USD,Completed
SO-500426,2025-03-10,12,2025-03-10,2025-03-11,C10377,Store,3,USD,Completed
SO-500427,2025-03-10,13,2025-03-10,2025-03-12,C10419,Store,4,USD,Completed
SO-500428,2025-03-11,12,2025-03-11,2025-03-14,C10054,Online,2,USD,Completed
SO-500429,2025-03-11,12,2025-03-11,2025-03-15,C10161,Online,1,USD,Completed
SO-500430,2025-03-11,15,2025-03-11,2025-03-13,C10131,Online,2,USD,Completed
SO-500431,2025-03-11,8,2025-03-11,2025-03-15,C10091,Online,3,USD,Completed
SO-500432,2025-03-11,16,2025-03-11,2025-03-14,C10414,Online,5,EUR,Completed
SO-500433,2025-03-11,15,2025-03-11,2025-03-14,C10062,Online,2,USD,Completed
SO-500434,2025-03-11,10,2025-03-11,2025-03-15,C10148,Online,5,EUR,Completed
SO-500435,2025-03-12,15,2025-03-12,2025-03-15,C10215,Store,2,USD,Completed
SO-500436,2025-03-12,21,2025-03-12,2025-03-13,C10304,Store,2,USD,Completed
SO-500437,2025-03-12,11,2025-03-12,2025-03-15,C10259,Wholesale,4,USD,Completed
SO-500438,2025-03-12,10,2025-03-12,2025-03-15,C10113,Online,3,USD,Completed
SO-500439,2025-03-12,18,2025-03-12,2025-03-13,C10380,Online,2,USD,Completed
SO-500440,2025-03-12,20,2025-03-12,2025-03-14,C10100,Store,4,USD,Completed
SO-500441,2025-03-13,12,2025-03-13,2025-03-15,C10171,Online,1,USD,Completed
SO-500442,2025-03-13,14,2025-03-13,2025-03-15,C10077,Wholesale,4,USD,Completed
SO-500443,2025-03-13,19,2025-03-13,2025-03-15,C10114,Online,3,USD,Completed
SO-500444,2025-03-13,22,2025-03-13,2025-03-17,C10235,Store,4,USD,Completed
SO-500445,2025-03-13,15,2025-03-13,2025-03-15,C10141,Online,1,USD,Completed
SO-500446,2025-03-14,22,2025-03-14,2025-03-18,C10077,Wholesale,1,USD,Completed
SO-500447,2025-03-14,9,2025-03-14,2025-03-17,C10173,Online,1,USD,Completed
SO-500448,2025-03-14,14,2025-03-14,2025-03-18,C10300,Store,4,USD,Completed
SO-500449,2025-03-14,15,2025-03-14,2025-03-15,C10348,Online,1,USD,Completed
SO-500450,2025-03-14,22,2025-03-14,,C10103,Online,5,EUR,Cancelled
SO-500451,2025-03-14,9,2025-03-14,2025-03-17,C10174,Store,5,EUR,Completed
SO-500452,2025-03-14,12,2025-03-14,2025-03-16,C10107,Online,1,USD,Completed
SO-500453,2025-03-15,18,2025-03-15,2025-03-17,C10284,Online,4,USD,Completed
SO-500454,2025-03-15,20,2025-03-15,2025-03-16,C10239,Online,2,USD,Completed
SO-500455,2025-03-15,16,2025-03-15,2025-03-18,C10157,Store,4,USD,Completed
SO-500456,2025-03-15,19,2025-03-15,2025-03-18,C10406,Online,2,USD,Completed
SO-500457,2025-03-15,13,2025-03-15,2025-03-18,C10379,Store,2,USD,Completed
SO-500458,2025-03-15,13,2025-03-15,2025-03-18,C10364,Online,1,USD,Completed
SO-500459,2025-03-15,14,2025-03-15,2025-03-17,C10073,Store,4,USD,Completed
SO-500460,2025-03-15,12,2025-03-15,2025-03-18,C10042,Staff,3,USD,Completed
SO-500461,2025-03-15,9,2025-03-15,2025-03-19,C10352,Online,1,USD,Completed
SO-500462,2025-03-16,17,2025-03-16,2025-03-17,C10346,Store,3,USD,Completed
SO-500463,2025-03-16,16,2025-03-16,2025-03-19,C10167,Online,3,USD,Completed
SO-500464,2025-03-16,20,2025-03-16,2025-03-18,C10205,Online,1,USD,Completed
SO-500465,2025-03-16,12,2025-03-16,2025-03-18,C10208,Online,1,USD,Completed
SO-500466,2025-03-16,21,2025-03-16,2025-03-17,C10267,Online,1,USD,Completed
SO-500467,2025-03-16,8,2025-03-16,2025-03-18,C10031,Store,3,USD,Completed
SO-500468,2025-03-16,14,2025-03-16,2025-03-17,C10042,Store,3,USD,Completed
SO-500469,2025-03-17,9,2025-03-17,,C10115,Online,1,USD,Cancelled
SO-500470,2025-03-17,8,2025-03-17,,C10370,Store,1,USD,Cancelled
SO-500471,2025-03-17,22,2025-03-17,2025-03-19,C10197,Online,3,USD,Completed
SO-500472,2025-03-17,22,2025-03-17,2025-03-18,C10349,Online,4,USD,Completed
SO-500473,2025-03-17,16,2025-03-17,2025-03-21,C10387,Store,1,USD,Completed
SO-500474,2025-03-17,10,2025-03-17,2025-03-21,C10085,Online,3,USD,Completed
SO-500475,2025-03-18,18,2025-03-18,2025-03-22,C10166,Store,1,USD,Completed
SO-500476,2025-03-18,13,2025-03-18,2025-03-21,C10313,Store,1,USD,Completed
SO-500477,2025-03-18,21,2025-03-18,2025-03-19,C10122,Online,3,USD,Completed
SO-500478,2025-03-18,17,2025-03-18,2025-03-23,C10077,Wholesale,4,USD,Completed
SO-500479,2025-03-18,15,2025-03-18,2025-03-21,C10356,Online,3,USD,Completed
SO-500480,2025-03-18,18,2025-03-18,2025-03-20,C10331,Store,5,EUR,Completed
SO-500481,2025-03-18,11,2025-03-18,2025-03-21,C10001,Online,5,EUR,Completed
SO-500482,2025-03-18,14,2025-03-18,2025-03-21,C10352,Online,1,USD,Completed
SO-500483,2025-03-19,16,2025-03-19,2025-03-22,C10215,Online,2,USD,Completed
SO-500484,2025-03-19,20,2025-03-19,2025-03-20,C10380,Online,2,USD,Completed
SO-500485,2025-03-19,12,2025-03-19,2025-03-22,C10395,Online,1,USD,Completed
SO-500486,2025-03-19,18,2025-03-19,2025-03-22,C10102,Online,1,USD,Completed
SO-500487,2025-03-19,11,2025-03-19,2025-03-22,C10023,Online,3,USD,Completed
SO-500488,2025-03-19,20,2025-03-19,2025-03-21,C10348,Store,1,USD,Completed
SO-500489,2025-03-19,11,2025-03-19,2025-03-22,C10396,Store,1,USD,Completed
SO-500490,2025-03-19,12,2025-03-19,2025-03-21,C10168,Online,1,USD,Completed
SO-500491,2025-03-20,13,2025-03-20,2025-03-23,C10385,Store,1,USD,Completed
SO-500492,2025-03-20,11,2025-03-20,2025-03-21,C10259,Online,4,USD,Completed
SO-500493,2025-03-20,9,2025-03-20,2025-03-24,C10276,Online,2,USD,Completed
SO-500494,2025-03-20,18,2025-03-20,2025-03-27,C10077,Wholesale,4,USD,Completed
SO-500495,2025-03-20,16,2025-03-20,2025-03-22,C10060,Store,3,USD,Completed
SO-500496,2025-03-20,8,2025-03-20,2025-03-21,C10300,Online,4,USD,Completed
SO-500497,2025-03-20,22,2025-03-20,2025-03-23,C10251,Store,2,USD,Completed
SO-500498,2025-03-20,18,2025-03-20,2025-03-21,C10192,Online,1,USD,Completed
SO-500499,2025-03-21,8,2025-03-21,2025-03-23,C10261,Online,3,USD,Completed
SO-500500,2025-03-21,15,2025-03-21,2025-03-25,C10359,Online,1,USD,Completed
SO-500501,2025-03-21,12,2025-03-21,2025-03-25,C10169,Store,3,USD,Completed
SO-500502,2025-03-21,14,2025-03-21,2025-03-22,C10276,Online,2,USD,Completed
SO-500503,2025-03-21,11,2025-03-21,2025-03-25,C10215,Online,2,USD,Completed
SO-500504,2025-03-21,9,2025-03-21,2025-03-25,C10304,Store,2,USD,Completed
SO-500505,2025-03-21,22,2025-03-21,2025-03-23,C10169,Online,3,USD,Completed
SO-500506,2025-03-21,15,2025-03-21,2025-03-23,C10014,Online,3,USD,Completed
SO-500507,2025-03-22,20,2025-03-22,2025-03-27,C10077,Wholesale,4,USD,Completed
SO-500508,2025-03-22,19,2025-03-22,2025-03-23,C10175,Online,1,USD,Completed
SO-500509,2025-03-22,20,2025-03-22,2025-03-24,C10230,Store,3,USD,Completed
SO-500510,2025-03-22,16,2025-03-22,2025-03-25,C10077,Wholesale,4,USD,Completed
SO-500511,2025-03-22,20,2025-03-22,2025-03-27,C10077,Wholesale,4,USD,Completed
SO-500512,2025-03-22,18,2025-03-22,2025-03-24,C10364,Wholesale,2,USD,Completed
SO-500513,2025-03-22,20,2025-03-22,2025-03-23,C10059,Online,4,USD,Completed
SO-500514,2025-03-22,14,2025-03-22,2025-03-29,C10077,Wholesale,4,USD,Completed
SO-500515,2025-03-23,12,2025-03-23,2025-03-27,C10348,Store,2,USD,Completed
SO-500516,2025-03-23,15,2025-03-23,2025-03-26,C10007,Store,2,USD,Completed
SO-500517,2025-03-23,17,2025-03-23,2025-03-24,C10377,Store,3,USD,Completed
SO-500518,2025-03-23,14,2025-03-23,2025-03-27,C10126,Store,5,EUR,Completed
SO-500519,2025-03-23,13,2025-03-23,2025-03-24,C10141,Store,2,USD,Completed
SO-500520,2025-03-23,20,2025-03-23,2025-03-25,C10047,Store,4,USD,Completed
SO-500521,2025-03-23,17,2025-03-23,2025-03-24,C10070,Online,5,EUR,Completed
SO-500522,2025-03-23,12,2025-03-23,2025-03-24,C10350,Store,1,USD,Completed
SO-500523,2025-03-23,8,2025-03-23,2025-03-24,C10296,Online,5,EUR,Completed
SO-500524,2025-03-23,12,2025-03-23,2025-03-26,C10168,Online,1,USD,Completed
SO-500525,2025-03-24,15,2025-03-24,2025-03-27,C10113,Store,3,USD,Completed
SO-500526,2025-03-24,17,2025-03-24,2025-03-27,C10149,Store,1,USD,Completed
SO-500527,2025-03-24,22,2025-03-24,2025-03-27,C10113,Store,3,USD,Completed
SO-500528,2025-03-24,10,2025-03-24,2025-03-25,C10387,Online,1,USD,Completed
SO-500529,2025-03-24,17,2025-03-24,2025-03-26,C10338,Online,2,USD,Completed
SO-500530,2025-03-25,12,2025-03-25,2025-03-26,C10270,Store,3,USD,Completed
SO-500531,2025-03-25,19,2025-03-25,2025-03-28,C10195,Online,3,USD,Completed
SO-500532,2025-03-25,14,2025-03-25,2025-03-26,C10352,Online,1,USD,Completed
SO-500533,2025-03-25,8,2025-03-25,2025-03-28,C10226,Online,3,USD,Completed
SO-500534,2025-03-25,13,2025-03-25,2025-03-28,C10097,Online,3,USD,Completed
SO-500535,2025-03-26,13,2025-03-26,2025-03-27,C10382,Online,5,EUR,Completed
SO-500536,2025-03-26,12,2025-03-26,2025-03-30,C10288,Online,2,USD,Completed
SO-500537,2025-03-26,21,2025-03-26,2025-03-30,C10231,Store,4,USD,Completed
SO-500538,2025-03-26,10,2025-03-26,2025-03-27,C10100,Store,4,USD,Completed
SO-500539,2025-03-26,16,2025-03-26,2025-03-29,C10040,Online,2,USD,Completed
SO-500540,2025-03-27,22,2025-03-27,2025-03-30,C10141,Online,1,USD,Completed
SO-500541,2025-03-27,19,2025-03-27,2025-03-31,C10396,Online,2,USD,Completed
SO-500542,2025-03-27,15,2025-03-27,2025-03-29,C10259,Store,4,USD,Completed
SO-500543,2025-03-27,9,2025-03-27,2025-03-30,C10219,Online,3,USD,Completed
SO-500544,2025-03-27,18,2025-03-27,2025-03-30,C10203,Online,3,USD,Completed
SO-500545,2025-03-28,20,2025-03-28,2025-04-01,C10188,Store,4,USD,Completed
SO-500546,2025-03-28,15,2025-03-28,2025-04-01,C10264,Store,4,USD,Completed
SO-500547,2025-03-28,12,2025-03-28,2025-03-31,C10333,Online,1,USD,Completed
SO-500548,2025-03-28,17,2025-03-28,2025-04-01,C10420,Store,4,USD,Completed
SO-500549,2025-03-28,17,2025-03-28,2025-03-30,C10185,Online,1,USD,Completed
SO-500550,2025-03-28,14,2025-03-28,2025-03-30,C10349,Online,4,USD,Completed
SO-500551,2025-03-28,14,2025-03-28,2025-03-29,C10396,Store,4,USD,Completed
SO-500552,2025-03-29,8,2025-03-29,2025-04-01,C10237,Online,5,EUR,Completed
SO-500553,2025-03-29,8,2025-03-29,2025-03-31,C10257,Online,3,USD,Completed
SO-500554,2025-03-29,8,2025-03-29,2025-04-01,C10073,Online,1,USD,Completed
SO-500555,2025-03-29,15,2025-03-29,2025-03-31,C10284,Online,3,USD,Completed
SO-500556,2025-03-29,14,2025-03-29,2025-03-31,C10018,Staff,1,USD,Completed
SO-500557,2025-03-29,10,2025-03-29,2025-03-30,C10285,Online,2,USD,Completed
SO-500558,2025-03-29,12,2025-03-29,2025-04-03,C10148,Wholesale,5,EUR,Completed
SO-500559,2025-03-29,14,2025-03-29,2025-03-31,C10250,Online,4,USD,Completed
SO-500560,2025-03-29,12,2025-03-29,2025-04-01,C10286,Store,2,USD,Completed
SO-500561,2025-03-30,19,2025-03-30,2025-03-31,C10348,Wholesale,1,USD,Completed
SO-500562,2025-03-30,16,2025-03-30,2025-03-31,C10367,Online,5,EUR,Completed
SO-500563,2025-03-30,17,2025-03-30,2025-03-31,C10037,Online,1,USD,Completed
SO-500564,2025-03-30,15,2025-03-30,2025-03-31,C10233,Store,4,USD,Completed
SO-500565,2025-03-30,22,2025-03-30,2025-04-02,C10266,Online,3,USD,Completed
SO-500566,2025-03-30,14,2025-03-30,2025-04-03,C10323,Online,2,USD,Completed
SO-500567,2025-03-30,14,2025-03-30,2025-03-31,C10259,Online,4,USD,Completed
SO-500568,2025-03-31,17,2025-03-31,2025-04-01,C10033,Online,3,USD,Completed
SO-500569,2025-03-31,18,2025-04-01,2025-04-02,C10098,Online,2,USD,Completed
SO-500570,2025-03-31,12,2025-03-31,2025-04-04,C10314,Online,3,USD,Completed
SO-500571,2025-03-31,22,2025-04-01,2025-04-01,C10017,Online,1,USD,Completed
SO-500572,2025-03-31,22,2025-04-01,2025-04-03,C10132,Online,4,USD,Completed
SO-500573,2025-03-31,11,2025-03-31,2025-04-03,C10261,Store,3,USD,Completed
SO-500574,2025-03-31,8,2025-03-31,2025-04-04,C10350,Wholesale,1,USD,Completed
SO-500575,2025-04-01,14,2025-04-01,2025-04-04,C10141,Online,1,USD,Completed
SO-500576,2025-04-01,16,2025-04-01,2025-04-02,C10364,Store,4,USD,Completed
SO-500577,2025-04-01,10,2025-04-01,2025-04-03,C10399,Store,4,USD,Completed
SO-500578,2025-04-01,17,2025-04-01,2025-04-04,C10009,Store,1,USD,Completed
SO-500579,2025-04-01,21,2025-04-01,2025-04-02,C10217,Online,3,USD,Completed
SO-500580,2025-04-01,21,2025-04-01,2025-04-03,C10136,Store,3,USD,Completed
SO-500581,2025-04-01,11,2025-04-01,2025-04-03,C10101,Online,2,USD,Completed
SO-500582,2025-04-01,10,2025-04-01,2025-04-03,C10021,Online,3,USD,Completed
SO-500583,2025-04-02,14,2025-04-02,2025-04-04,C10115,Online,1,USD,Completed
SO-500584,2025-04-02,17,2025-04-02,2025-04-04,C10290,Store,5,EUR,Completed
SO-500585,2025-04-02,16,2025-04-02,2025-04-05,C10287,Store,2,USD,Completed
SO-500586,2025-04-02,13,2025-04-02,2025-04-04,C10126,Store,5,EUR,Completed
SO-500587,2025-04-02,20,2025-04-02,2025-04-04,C10194,Online,5,EUR,Completed
SO-500588,2025-04-02,11,2025-04-02,2025-04-04,C10077,Wholesale,1,USD,Completed
SO-500589,2025-04-03,13,2025-04-03,2025-04-07,C10243,Online,3,USD,Completed
SO-500590,2025-04-03,18,2025-04-03,2025-04-04,C10339,Store,1,USD,Completed
SO-500591,2025-04-03,16,2025-04-03,2025-04-05,C10195,Online,3,USD,Completed
SO-500592,2025-04-03,21,2025-04-03,2025-04-07,C10308,Online,1,USD,Completed
SO-500593,2025-04-03,14,2025-04-03,,C10205,Online,4,USD,Cancelled
SO-500594,2025-04-03,12,2025-04-03,2025-04-06,C10413,Online,5,EUR,Completed
SO-500595,2025-04-03,16,2025-04-03,2025-04-04,C10195,Online,3,USD,Completed
SO-500596,2025-04-03,18,2025-04-03,2025-04-04,C10259,Store,2,USD,Completed
SO-500597,2025-04-03,12,2025-04-03,2025-04-07,C10352,Online,1,USD,Completed
SO-500598,2025-04-04,20,2025-04-04,2025-04-05,C10271,Online,3,USD,Completed
SO-500599,2025-04-04,22,2025-04-04,2025-04-07,C10228,Online,1,USD,Completed
SO-500600,2025-04-04,16,2025-04-04,2025-04-06,C10399,Online,4,USD,Completed
SO-500601,2025-04-04,13,2025-04-04,2025-04-08,C10413,Online,5,EUR,Completed
SO-500602,2025-04-04,17,2025-04-04,2025-04-05,C10165,Online,5,EUR,Completed
SO-500603,2025-04-04,21,2025-04-04,2025-04-07,C10163,Online,3,USD,Completed
SO-500604,2025-04-05,8,2025-04-05,2025-04-08,C10342,Store,5,EUR,Completed
SO-500605,2025-04-05,16,2025-04-05,2025-04-06,C10109,Online,3,USD,Completed
SO-500606,2025-04-05,19,2025-04-05,2025-04-09,C10265,Store,4,USD,Completed
SO-500607,2025-04-05,16,2025-04-05,2025-04-06,C10197,Online,2,USD,Completed
SO-500608,2025-04-05,22,2025-04-05,2025-04-08,C10357,Online,1,USD,Completed
SO-500609,2025-04-05,14,2025-04-05,2025-04-09,C10276,Wholesale,2,USD,Completed
SO-500610,2025-04-05,21,2025-04-05,2025-04-08,C10168,Online,1,USD,Completed
SO-500611,2025-04-05,12,2025-04-05,2025-04-07,C10063,Online,2,USD,Completed
SO-500612,2025-04-06,10,2025-04-06,2025-04-07,C10400,Online,1,USD,Completed
SO-500613,2025-04-06,20,2025-04-06,2025-04-08,C10356,Store,3,USD,Completed
SO-500614,2025-04-06,13,2025-04-06,2025-04-10,C10090,Online,3,USD,Completed
SO-500615,2025-04-06,11,2025-04-06,2025-04-10,C10113,Online,3,USD,Completed
SO-500616,2025-04-06,13,2025-04-06,2025-04-07,C10234,Store,5,EUR,Completed
SO-500617,2025-04-06,13,2025-04-06,2025-04-07,C10416,Store,3,USD,Completed
SO-500618,2025-04-06,16,2025-04-06,2025-04-10,C10118,Online,4,USD,Completed
SO-500619,2025-04-06,9,2025-04-06,2025-04-10,C10387,Online,1,USD,Completed
SO-500620,2025-04-07,22,2025-04-07,2025-04-11,C10287,Online,2,USD,Completed
SO-500621,2025-04-07,14,2025-04-07,2025-04-08,C10385,Online,1,USD,Completed
SO-500622,2025-04-07,18,2025-04-07,2025-04-08,C10285,Online,2,USD,Completed
SO-500623,2025-04-07,9,2025-04-07,2025-04-09,C10396,Online,1,USD,Completed
SO-500624,2025-04-07,16,2025-04-07,2025-04-10,C10154,Online,5,EUR,Completed
SO-500625,2025-04-07,18,2025-04-07,2025-04-10,C10348,Store,1,USD,Completed
SO-500626,2025-04-07,20,2025-04-07,2025-04-09,C10056,Online,1,USD,Completed
SO-500627,2025-04-07,8,2025-04-07,2025-04-11,C10002,Store,3,USD,Completed
SO-500628,2025-04-08,22,2025-04-08,2025-04-09,C10059,Store,4,USD,Completed
SO-500629,2025-04-08,21,2025-04-08,2025-04-11,C10039,Online,5,EUR,Completed
SO-500630,2025-04-08,14,2025-04-08,2025-04-11,C10354,Store,1,USD,Completed
SO-500631,2025-04-08,9,2025-04-08,2025-04-12,C10040,Store,1,USD,Completed
SO-500632,2025-04-08,9,2025-04-08,2025-04-09,C10263,Online,1,USD,Completed
SO-500633,2025-04-08,15,2025-04-08,2025-04-10,C10277,Store,1,USD,Completed
SO-500634,2025-04-08,12,2025-04-08,2025-04-09,C10190,Store,1,USD,Completed
SO-500635,2025-04-08,15,2025-04-08,2025-04-09,C10363,Store,5,EUR,Completed
SO-500636,2025-04-08,10,2025-04-08,2025-04-11,C10082,Store,1,USD,Completed
SO-500637,2025-04-09,19,2025-04-09,2025-04-13,C10142,Store,2,USD,Completed
SO-500638,2025-04-09,20,2025-04-09,2025-04-11,C10143,Store,1,USD,Completed
SO-500639,2025-04-09,19,2025-04-09,2025-04-13,C10259,Online,3,USD,Completed
SO-500640,2025-04-09,8,2025-04-09,2025-04-13,C10306,Online,4,USD,Completed
SO-500641,2025-04-09,15,2025-04-09,2025-04-12,C10323,Online,3,USD,Completed
SO-500642,2025-04-09,22,2025-04-09,2025-04-10,C10296,Online,5,EUR,Completed
SO-500643,2025-04-09,15,2025-04-09,2025-04-12,C10113,Store,3,USD,Completed
SO-500644,2025-04-10,22,2025-04-10,2025-04-13,C10348,Online,1,USD,Completed
SO-500645,2025-04-10,11,2025-04-10,2025-04-12,C10275,Online,2,USD,Completed
SO-500646,2025-04-10,16,2025-04-10,2025-04-14,C10348,Store,1,USD,Completed
SO-500647,2025-04-10,10,2025-04-10,2025-04-11,C10018,Store,1,USD,Completed
SO-500648,2025-04-10,19,2025-04-10,2025-04-14,C10152,Online,5,EUR,Completed
SO-500649,2025-04-10,17,2025-04-10,2025-04-12,C10190,Store,1,USD,Completed
SO-500650,2025-04-11,12,2025-04-11,2025-04-13,C10178,Store,4,USD,Completed
SO-500651,2025-04-11,20,2025-04-11,2025-04-13,C10141,Online,2,USD,Completed
SO-500652,2025-04-11,13,2025-04-11,2025-04-14,C10407,Online,4,USD,Completed
SO-500653,2025-04-11,10,2025-04-11,2025-04-12,C10115,Online,1,USD,Completed
SO-500654,2025-04-11,19,2025-04-11,2025-04-14,C10396,Online,1,USD,Completed
SO-500655,2025-04-11,21,2025-04-11,2025-04-13,C10141,Store,1,USD,Completed
SO-500656,2025-04-11,8,2025-04-11,2025-04-14,C10398,Online,3,USD,Completed
SO-500657,2025-04-11,22,2025-04-11,2025-04-12,C10076,Online,2,USD,Completed
SO-500658,2025-04-11,19,2025-04-11,2025-04-12,C10349,Online,4,USD,Completed
SO-500659,2025-04-12,22,2025-04-12,2025-04-13,C10113,Online,3,USD,Completed
SO-500660,2025-04-12,19,2025-04-12,,C10204,Store,1,USD,Cancelled
SO-500661,2025-04-12,10,2025-04-12,,C10084,Store,2,USD,Cancelled
SO-500662,2025-04-12,11,2025-04-12,2025-04-13,C10050,Online,2,USD,Completed
SO-500663,2025-04-12,17,2025-04-12,2025-04-15,C10297,Online,2,USD,Completed
SO-500664,2025-04-12,20,2025-04-12,2025-04-14,C10104,Online,2,USD,Completed
SO-500665,2025-04-12,9,2025-04-12,2025-04-15,C10396,Online,1,USD,Completed
SO-500666,2025-04-12,12,2025-04-12,2025-04-16,C10259,Online,4,USD,Completed
SO-500667,2025-04-13,14,2025-04-13,2025-04-16,C10177,Store,2,USD,Completed
SO-500668,2025-04-13,8,2025-04-13,2025-04-15,C10002,Online,3,USD,Completed
SO-500669,2025-04-13,12,2025-04-13,2025-04-14,C10370,Online,1,USD,Completed
SO-500670,2025-04-13,19,2025-04-13,2025-04-15,C10259,Store,4,USD,Completed
SO-500671,2025-04-13,22,2025-04-13,,C10297,Online,2,USD,Cancelled
SO-500672,2025-04-13,10,2025-04-13,2025-04-15,C10402,Store,4,USD,Completed
SO-500673,2025-04-13,21,2025-04-13,2025-04-16,C10106,Online,3,USD,Completed
SO-500674,2025-04-13,17,2025-04-13,2025-04-16,C10222,Online,2,USD,Completed
SO-500675,2025-04-14,11,2025-04-14,2025-04-15,C10348,Wholesale,1,USD,Completed
SO-500676,2025-04-14,15,2025-04-14,2025-04-15,C10416,Store,3,USD,Completed
SO-500677,2025-04-14,10,2025-04-14,2025-04-15,C10363,Store,5,EUR,Completed
SO-500678,2025-04-14,22,2025-04-14,2025-04-18,C10178,Store,1,USD,Completed
SO-500679,2025-04-14,10,2025-04-14,2025-04-17,C10201,Store,3,USD,Completed
SO-500680,2025-04-14,8,2025-04-14,2025-04-17,C10313,Online,1,USD,Completed
SO-500681,2025-04-14,8,2025-04-14,2025-04-18,C10030,Store,3,USD,Completed
SO-500682,2025-04-14,9,2025-04-14,2025-04-17,C10137,Store,4,USD,Completed
SO-500683,2025-04-14,8,2025-04-14,,C10357,Online,2,USD,Cancelled
SO-500684,2025-04-15,18,2025-04-15,2025-04-19,C10394,Online,5,EUR,Completed
SO-500685,2025-04-15,16,2025-04-15,2025-04-17,C10059,Store,4,USD,Completed
SO-500686,2025-04-15,15,2025-04-15,2025-04-19,C10214,Store,5,EUR,Completed
SO-500687,2025-04-15,13,2025-04-15,2025-04-16,C10355,Online,2,USD,Completed
SO-500688,2025-04-15,11,2025-04-15,2025-04-19,C10304,Store,2,USD,Completed
SO-500689,2025-04-15,15,2025-04-15,2025-04-17,C10189,Online,5,EUR,Completed
SO-500690,2025-04-15,17,2025-04-15,2025-04-17,C10131,Store,2,USD,Completed
SO-500691,2025-04-16,13,2025-04-16,2025-04-18,C10417,Store,2,USD,Completed
SO-500692,2025-04-16,14,2025-04-16,2025-04-19,C10215,Online,2,USD,Completed
SO-500693,2025-04-16,19,2025-04-16,2025-04-18,C10315,Store,4,USD,Completed
SO-500694,2025-04-16,12,2025-04-16,2025-04-20,C10086,Online,5,EUR,Completed
SO-500695,2025-04-16,18,2025-04-16,2025-04-17,C10214,Store,5,EUR,Completed
SO-500696,2025-04-16,16,2025-04-16,2025-04-17,C10057,Online,1,USD,Completed
SO-500697,2025-04-16,16,2025-04-16,2025-04-19,C10197,Online,3,USD,Completed
SO-500698,2025-04-17,17,2025-04-17,2025-04-19,C10261,Store,3,USD,Completed
SO-500699,2025-04-17,21,2025-04-17,,C10055,Online,5,EUR,Cancelled
SO-500700,2025-04-17,9,2025-04-17,2025-04-18,C10212,Online,3,USD,Completed
SO-500701,2025-04-17,10,2025-04-17,2025-04-18,C10022,Online,5,EUR,Completed
SO-500702,2025-04-17,22,2025-04-17,2025-04-21,C10215,Online,2,USD,Completed
SO-500703,2025-04-17,17,2025-04-17,2025-04-18,C10073,Online,1,USD,Completed
SO-500704,2025-04-18,14,2025-04-18,2025-04-20,C10259,Online,4,USD,Completed
SO-500705,2025-04-18,22,2025-04-18,2025-04-22,C10285,Online,2,USD,Completed
SO-500706,2025-04-18,22,2025-04-18,2025-04-20,C10239,Online,2,USD,Completed
SO-500707,2025-04-18,20,2025-04-18,2025-04-23,C10304,Wholesale,4,USD,Completed
SO-500708,2025-04-18,21,2025-04-18,2025-04-21,C10345,Online,2,USD,Completed
SO-500709,2025-04-18,16,2025-04-18,2025-04-22,C10053,Online,2,USD,Completed
SO-500710,2025-04-18,22,2025-04-18,2025-04-21,C10309,Store,4,USD,Completed
SO-500711,2025-04-18,20,2025-04-18,2025-04-22,C10212,Online,3,USD,Completed
SO-500712,2025-04-18,13,2025-04-18,2025-04-19,C10064,Store,5,EUR,Completed
SO-500713,2025-04-19,14,2025-04-19,2025-04-22,C10094,Online,1,USD,Completed
SO-500714,2025-04-19,10,2025-04-19,,C10030,Online,3,USD,Cancelled
SO-500715,2025-04-19,12,2025-04-19,2025-04-20,C10012,Online,3,USD,Completed
SO-500716,2025-04-19,15,2025-04-19,,C10419,Online,3,USD,Cancelled
SO-500717,2025-04-19,8,2025-04-19,2025-04-20,C10217,Store,3,USD,Completed
SO-500718,2025-04-19,18,2025-04-19,2025-04-22,C10380,Online,1,USD,Completed
SO-500719,2025-04-19,8,2025-04-19,2025-04-22,C10237,Store,5,EUR,Completed
SO-500720,2025-04-19,9,2025-04-19,2025-04-22,C10178,Store,2,USD,Completed
SO-500721,2025-04-20,13,2025-04-20,2025-04-21,C10250,Online,4,USD,Completed
SO-500722,2025-04-20,11,2025-04-20,2025-04-23,C10128,Online,4,USD,Completed
SO-500723,2025-04-20,14,2025-04-20,2025-04-23,C10221,Store,1,USD,Completed
SO-500724,2025-04-20,14,2025-04-20,2025-04-23,C10079,Online,3,USD,Completed
SO-500725,2025-04-20,8,2025-04-20,2025-04-24,C10399,Store,4,USD,Completed
SO-500726,2025-04-20,11,2025-04-20,2025-04-21,C10183,Online,2,USD,Completed
SO-500727,2025-04-20,19,2025-04-20,2025-04-21,C10148,Store,5,EUR,Completed
SO-500728,2025-04-20,21,2025-04-20,2025-04-21,C10396,Store,1,USD,Completed
SO-500729,2025-04-21,8,2025-04-21,2025-04-24,C10261,Store,3,USD,Completed
SO-500730,2025-04-21,16,2025-04-21,2025-04-25,C10386,Online,1,USD,Completed
SO-500731,2025-04-21,12,2025-04-21,2025-04-24,C10350,Online,1,USD,Completed
SO-500732,2025-04-21,21,2025-04-21,2025-04-24,C10250,Online,2,USD,Completed
SO-500733,2025-04-21,17,2025-04-21,2025-04-24,C10348,Online,1,USD,Completed
SO-500734,2025-04-21,12,2025-04-21,2025-04-24,C10248,Online,1,USD,Completed
SO-500735,2025-04-21,18,2025-04-21,2025-04-23,C10259,Store,3,USD,Completed
SO-500736,2025-04-21,9,2025-04-21,2025-04-24,C10106,Store,3,USD,Completed
SO-500737,2025-04-21,8,2025-04-21,2025-04-24,C10265,Store,4,USD,Completed
SO-500738,2025-04-22,14,2025-04-22,2025-04-25,C10348,Online,1,USD,Completed
SO-500739,2025-04-22,13,2025-04-22,2025-04-25,C10333,Store,1,USD,Completed
SO-500740,2025-04-22,19,2025-04-22,2025-04-25,C10197,Online,3,USD,Completed
SO-500741,2025-04-22,20,2025-04-22,2025-04-24,C10202,Online,4,USD,Completed
SO-500742,2025-04-22,13,2025-04-22,2025-04-24,C10113,Online,3,USD,Completed
SO-500743,2025-04-22,16,2025-04-22,2025-04-26,C10232,Online,3,USD,Completed
SO-500744,2025-04-22,19,2025-04-22,2025-04-25,C10398,Staff,3,USD,Completed
SO-500745,2025-04-23,11,2025-04-23,2025-04-24,C10322,Store,1,USD,Completed
SO-500746,2025-04-23,21,2025-04-23,2025-04-24,C10338,Online,2,USD,Completed
SO-500747,2025-04-23,8,2025-04-23,2025-04-29,C10148,Wholesale,5,EUR,Completed
SO-500748,2025-04-23,8,2025-04-23,2025-04-25,C10203,Online,3,USD,Completed
SO-500749,2025-04-23,16,2025-04-23,2025-04-25,C10297,Store,2,USD,Completed
SO-500750,2025-04-23,9,2025-04-23,2025-04-27,C10064,Store,5,EUR,Completed
SO-500751,2025-04-23,16,2025-04-23,2025-04-26,C10112,Online,1,USD,Completed
SO-500752,2025-04-23,20,2025-04-23,2025-04-25,C10175,Online,1,USD,Completed
SO-500753,2025-04-24,9,2025-04-24,2025-04-27,C10345,Online,2,USD,Completed
SO-500754,2025-04-24,15,2025-04-24,2025-04-25,C10002,Online,3,USD,Completed
SO-500755,2025-04-24,10,2025-04-24,2025-04-28,C10370,Store,3,USD,Completed
SO-500756,2025-04-24,10,2025-04-24,2025-04-28,C10348,Store,1,USD,Completed
SO-500757,2025-04-24,12,2025-04-24,,C10349,Store,1,USD,Cancelled
SO-500758,2025-04-24,22,2025-04-24,2025-04-26,C10328,Online,2,USD,Completed
SO-500759,2025-04-24,16,2025-04-24,2025-04-26,C10195,Store,3,USD,Completed
SO-500760,2025-04-24,8,2025-04-24,2025-04-27,C10348,Online,1,USD,Completed
SO-500761,2025-04-25,10,2025-04-25,2025-04-29,C10323,Online,2,USD,Completed
SO-500762,2025-04-25,11,2025-04-25,2025-04-27,C10017,Store,1,USD,Completed
SO-500763,2025-04-25,14,2025-04-25,2025-04-27,C10173,Online,1,USD,Completed
SO-500764,2025-04-25,20,2025-04-25,2025-04-27,C10213,Online,1,USD,Completed
SO-500765,2025-04-25,12,2025-04-25,2025-04-27,C10409,Online,4,USD,Completed
SO-500766,2025-04-25,8,2025-04-25,,C10090,Online,3,USD,Cancelled
SO-500767,2025-04-25,15,2025-04-25,2025-04-29,C10419,Store,3,USD,Completed
SO-500768,2025-04-25,19,2025-04-25,2025-04-29,C10399,Online,4,USD,Completed
SO-500769,2025-04-25,21,2025-04-25,2025-04-26,C10387,Online,1,USD,Completed
SO-500770,2025-04-26,11,2025-04-26,2025-04-29,C10376,Online,1,USD,Completed
SO-500771,2025-04-26,19,2025-04-26,2025-04-28,C10277,Store,2,USD,Completed
SO-500772,2025-04-26,18,2025-04-26,2025-04-30,C10050,Store,2,USD,Completed
SO-500773,2025-04-26,11,2025-04-26,2025-04-30,C10037,Store,1,USD,Completed
SO-500774,2025-04-26,18,2025-04-26,2025-04-30,C10348,Wholesale,1,USD,Completed
SO-500775,2025-04-26,21,2025-04-26,2025-04-30,C10185,Online,1,USD,Completed
SO-500776,2025-04-26,10,2025-04-26,2025-04-27,C10148,Online,5,EUR,Completed
SO-500777,2025-04-26,22,2025-04-26,2025-04-27,C10377,Online,3,USD,Completed
SO-500778,2025-04-26,8,2025-04-26,2025-04-27,C10017,Online,1,USD,Completed
SO-500779,2025-04-27,17,2025-04-27,2025-04-28,C10250,Online,4,USD,Completed
SO-500780,2025-04-27,18,2025-04-27,2025-04-29,C10083,Store,4,USD,Completed
SO-500781,2025-04-27,18,2025-04-27,2025-04-30,C10304,Online,2,USD,Completed
SO-500782,2025-04-27,10,2025-04-27,2025-04-28,C10295,Store,5,EUR,Completed
SO-500783,2025-04-27,19,2025-04-27,2025-05-01,C10301,Online,1,USD,Completed
SO-500784,2025-04-27,11,2025-04-27,2025-04-28,C10266,Online,3,USD,Completed
SO-500785,2025-04-27,19,2025-04-27,2025-05-04,C10348,Wholesale,1,USD,Completed
SO-500786,2025-04-27,11,2025-04-27,2025-05-01,C10368,Online,1,USD,Completed
SO-500787,2025-04-28,11,2025-04-28,2025-04-29,C10420,Store,4,USD,Completed
SO-500788,2025-04-28,19,2025-04-28,2025-05-02,C10046,Online,1,USD,Completed
SO-500789,2025-04-28,18,2025-04-28,2025-04-30,C10400,Online,1,USD,Completed
SO-500790,2025-04-28,11,2025-04-28,2025-04-29,C10324,Online,2,USD,Completed
SO-500791,2025-04-28,12,2025-04-28,2025-04-29,C10185,Store,1,USD,Completed
SO-500792,2025-04-28,14,2025-04-28,2025-04-29,C10193,Online,3,USD,Completed
SO-500793,2025-04-28,14,2025-04-28,2025-04-29,C10259,Online,4,USD,Completed
SO-500794,2025-04-28,20,2025-04-28,2025-04-30,C10022,Online,5,EUR,Completed
SO-500795,2025-04-28,10,2025-04-28,2025-04-30,C10042,Online,4,USD,Completed
SO-500796,2025-04-29,17,2025-04-29,2025-05-01,C10170,Online,3,USD,Completed
SO-500797,2025-04-29,14,2025-04-29,2025-05-02,C10392,Store,5,EUR,Completed
SO-500798,2025-04-29,11,2025-04-29,2025-05-03,C10414,Store,5,EUR,Completed
SO-500799,2025-04-29,13,2025-04-29,2025-05-03,C10188,Online,4,USD,Completed
SO-500800,2025-04-29,14,2025-04-29,2025-05-02,C10148,Store,5,EUR,Completed
SO-500801,2025-04-29,11,2025-04-29,2025-05-02,C10025,Online,2,USD,Completed
SO-500802,2025-04-29,16,2025-04-29,2025-05-02,C10241,Store,2,USD,Completed
SO-500803,2025-04-29,11,2025-04-29,2025-05-02,C10135,Store,1,USD,Completed
SO-500804,2025-04-29,21,2025-04-29,2025-05-02,C10348,Online,1,USD,Completed
SO-500805,2025-04-30,10,2025-04-30,2025-05-02,C10301,Store,1,USD,Completed
SO-500806,2025-04-30,9,2025-04-30,2025-05-02,C10051,Online,3,USD,Completed
SO-500807,2025-04-30,15,2025-04-30,2025-05-01,C10192,Online,3,USD,Completed
SO-500808,2025-04-30,9,2025-04-30,2025-05-01,C10036,Online,2,USD,Completed
SO-500809,2025-04-30,21,2025-05-01,2025-05-04,C10090,Online,3,USD,Completed
SO-500810,2025-04-30,13,2025-04-30,2025-05-04,C10348,Store,1,USD,Completed
SO-500811,2025-05-01,13,2025-05-01,2025-05-04,C10141,Online,1,USD,Completed
SO-500812,2025-05-01,8,2025-05-01,2025-05-03,C10320,Store,3,USD,Completed
SO-500813,2025-05-01,10,2025-05-01,2025-05-02,C10210,Online,2,USD,Completed
SO-500814,2025-05-01,13,2025-05-01,,C10074,Online,4,USD,Cancelled
SO-500815,2025-05-01,15,2025-05-01,2025-05-04,C10321,Online,1,USD,Completed
SO-500816,2025-05-01,11,2025-05-01,2025-05-05,C10051,Online,3,USD,Completed
SO-500817,2025-05-01,15,2025-05-01,2025-05-03,C10036,Online,2,USD,Completed
SO-500818,2025-05-01,18,2025-05-01,2025-05-04,C10361,Online,3,USD,Completed
SO-500819,2025-05-01,12,2025-05-01,2025-05-02,C10047,Store,4,USD,Completed
SO-500820,2025-05-01,21,2025-05-01,2025-05-04,C10304,Store,2,USD,Completed
SO-500821,2025-05-02,12,2025-05-02,2025-05-04,C10092,Online,2,USD,Completed
SO-500822,2025-05-02,12,2025-05-02,2025-05-05,C10250,Store,4,USD,Completed
SO-500823,2025-05-02,20,2025-05-02,,C10351,Online,3,USD,Cancelled
SO-500824,2025-05-02,16,2025-05-02,2025-05-03,C10396,Store,1,USD,Completed
SO-500825,2025-05-02,17,2025-05-02,2025-05-06,C10066,Store,3,USD,Completed
SO-500826,2025-05-02,21,2025-05-02,2025-05-05,C10381,Store,4,USD,Completed
SO-500827,2025-05-02,8,2025-05-02,2025-05-04,C10259,Online,1,USD,Completed
SO-500828,2025-05-02,12,2025-05-02,2025-05-03,C10077,Wholesale,4,USD,Completed
SO-500829,2025-05-02,15,2025-05-02,2025-05-04,C10022,Online,5,EUR,Completed
SO-500830,2025-05-02,19,2025-05-02,2025-05-05,C10056,Store,2,USD,Completed
SO-500831,2025-05-03,18,2025-05-03,2025-05-05,C10075,Store,3,USD,Completed
SO-500832,2025-05-03,21,2025-05-03,2025-05-04,C10148,Store,5,EUR,Completed
SO-500833,2025-05-03,20,2025-05-03,2025-05-04,C10188,Online,4,USD,Completed
SO-500834,2025-05-03,21,2025-05-03,2025-05-04,C10340,Online,1,USD,Completed
SO-500835,2025-05-03,18,2025-05-03,2025-05-07,C10171,Store,2,USD,Completed
SO-500836,2025-05-03,18,2025-05-03,2025-05-07,C10195,Online,3,USD,Completed
SO-500837,2025-05-03,19,2025-05-03,2025-05-07,C10288,Online,1,USD,Completed
SO-500838,2025-05-03,18,2025-05-03,2025-05-05,C10147,Store,1,USD,Completed
SO-500839,2025-05-03,12,2025-05-03,2025-05-06,C10323,Online,2,USD,Completed
SO-500840,2025-05-03,11,2025-05-03,2025-05-07,C10149,Store,1,USD,Completed
SO-500841,2025-05-03,13,2025-05-03,2025-05-04,C10244,Store,1,USD,Completed
SO-500842,2025-05-03,10,2025-05-03,2025-05-07,C10139,Online,1,USD,Completed
SO-500843,2025-05-04,13,2025-05-04,2025-05-08,C10080,Online,1,USD,Completed
SO-500844,2025-05-04,20,2025-05-04,2025-05-06,C10262,Store,5,EUR,Completed
SO-500845,2025-05-04,13,2025-05-04,2025-05-05,C10357,Online,2,USD,Completed
SO-500846,2025-05-04,16,2025-05-04,2025-05-05,C10195,Online,1,USD,Completed
SO-500847,2025-05-04,14,2025-05-04,2025-05-06,C10176,Store,5,EUR,Completed
SO-500848,2025-05-04,14,2025-05-04,2025-05-06,C10228,Online,1,USD,Completed
SO-500849,2025-05-04,18,2025-05-04,2025-05-07,C10124,Online,3,USD,Completed
SO-500850,2025-05-04,8,2025-05-04,2025-05-07,C10193,Online,3,USD,Completed
SO-500851,2025-05-04,12,2025-05-04,2025-05-07,C10233,Online,1,USD,Completed
SO-500852,2025-05-04,17,2025-05-04,2025-05-06,C10348,Online,1,USD,Completed
SO-500853,2025-05-04,17,2025-05-04,2025-05-08,C10034,Online,1,USD,Completed
SO-500854,2025-05-05,16,2025-05-05,2025-05-09,C10210,Online,2,USD,Completed
SO-500855,2025-05-05,12,2025-05-05,2025-05-08,C10203,Online,3,USD,Completed
SO-500856,2025-05-05,14,2025-05-05,,C10310,Online,5,EUR,Cancelled
SO-500857,2025-05-05,13,2025-05-05,2025-05-07,C10073,Store,1,USD,Completed
SO-500858,2025-05-05,18,2025-05-05,2025-05-07,C10194,Online,5,EUR,Completed
SO-500859,2025-05-05,10,2025-05-05,2025-05-07,C10113,Online,4,USD,Completed
SO-500860,2025-05-05,9,2025-05-05,2025-05-07,C10266,Online,3,USD,Completed
SO-500861,2025-05-06,11,2025-05-06,2025-05-10,C10418,Online,3,USD,Completed
SO-500862,2025-05-06,13,2025-05-06,2025-05-07,C10390,Online,4,USD,Completed
SO-500863,2025-05-06,18,2025-05-06,2025-05-08,C10393,Store,2,USD,Completed
SO-500864,2025-05-06,15,2025-05-06,2025-05-08,C10036,Online,2,USD,Completed
SO-500865,2025-05-06,16,2025-05-06,2025-05-09,C10120,Store,1,USD,Completed
SO-500866,2025-05-06,18,2025-05-06,2025-05-08,C10228,Store,1,USD,Completed
SO-500867,2025-05-06,13,2025-05-06,2025-05-07,C10313,Store,1,USD,Completed
SO-500868,2025-05-07,19,2025-05-07,2025-05-08,C10306,Store,4,USD,Completed
SO-500869,2025-05-07,12,2025-05-07,2025-05-11,C10396,Store,1,USD,Completed
SO-500870,2025-05-07,22,2025-05-07,2025-05-11,C10259,Online,4,USD,Completed
SO-500871,2025-05-07,22,2025-05-07,2025-05-13,C10324,Wholesale,2,USD,Completed
SO-500872,2025-05-07,15,2025-05-07,2025-05-09,C10062,Store,2,USD,Completed
SO-500873,2025-05-07,18,2025-05-07,2025-05-10,C10041,Store,4,USD,Completed
SO-500874,2025-05-07,16,2025-05-07,2025-05-08,C10052,Store,4,USD,Completed
SO-500875,2025-05-07,9,2025-05-07,2025-05-11,C10396,Online,1,USD,Completed
SO-500876,2025-05-08,10,2025-05-08,,C10201,Online,3,USD,Cancelled
SO-500877,2025-05-08,21,2025-05-08,2025-05-10,C10113,Store,3,USD,Completed
SO-500878,2025-05-08,12,2025-05-08,2025-05-12,C10362,Online,2,USD,Completed
SO-500879,2025-05-08,20,2025-05-08,2025-05-09,C10263,Store,1,USD,Completed
SO-500880,2025-05-08,16,2025-05-08,2025-05-10,C10376,Store,1,USD,Completed
SO-500881,2025-05-08,22,2025-05-08,2025-05-09,C10406,Online,4,USD,Completed
SO-500882,2025-05-08,14,2025-05-08,2025-05-11,C10323,Store,2,USD,Completed
SO-500883,2025-05-08,19,2025-05-08,2025-05-11,C10173,Online,1,USD,Completed
SO-500884,2025-05-09,20,2025-05-09,2025-05-12,C10077,Wholesale,4,USD,Completed
SO-500885,2025-05-09,17,2025-05-09,2025-05-12,C10227,Store,1,USD,Completed
SO-500886,2025-05-09,21,2025-05-09,2025-05-10,C10396,Online,1,USD,Completed
SO-500887,2025-05-09,19,2025-05-09,2025-05-10,C10030,Store,3,USD,Completed
SO-500888,2025-05-09,12,2025-05-09,2025-05-11,C10348,Store,1,USD,Completed
SO-500889,2025-05-09,13,2025-05-09,2025-05-10,C10093,Online,1,USD,Completed
SO-500890,2025-05-09,22,2025-05-09,2025-05-12,C10198,Online,2,USD,Completed
SO-500891,2025-05-10,13,2025-05-10,2025-05-13,C10267,Store,1,USD,Completed
SO-500892,2025-05-10,22,2025-05-10,2025-05-15,C10295,Wholesale,5,EUR,Completed
SO-500893,2025-05-10,18,2025-05-10,2025-05-13,C10397,Store,3,USD,Completed
SO-500894,2025-05-10,15,2025-05-10,2025-05-14,C10051,Online,3,USD,Completed
SO-500895,2025-05-10,9,2025-05-10,2025-05-13,C10357,Store,1,USD,Completed
SO-500896,2025-05-10,20,2025-05-10,2025-05-13,C10017,Online,1,USD,Completed
SO-500897,2025-05-10,17,2025-05-10,2025-05-11,C10261,Online,3,USD,Completed
SO-500898,2025-05-10,20,2025-05-10,2025-05-11,C10374,Store,2,USD,Completed
SO-500899,2025-05-10,15,2025-05-10,2025-05-11,C10061,Store,3,USD,Completed
SO-500900,2025-05-10,10,2025-05-10,2025-05-11,C10148,Online,5,EUR,Completed
SO-500901,2025-05-11,13,2025-05-11,2025-05-15,C10345,Store,2,USD,Completed
SO-500902,2025-05-11,18,2025-05-11,2025-05-14,C10040,Online,1,USD,Completed
SO-500903,2025-05-11,21,2025-05-11,2025-05-14,C10384,Online,1,USD,Completed
SO-500904,2025-05-11,17,2025-05-11,2025-05-14,C10259,Online,4,USD,Completed
SO-500905,2025-05-11,10,2025-05-11,2025-05-14,C10031,Store,3,USD,Completed
SO-500906,2025-05-11,12,2025-05-11,2025-05-14,C10250,Store,4,USD,Completed
SO-500907,2025-05-11,18,2025-05-11,2025-05-12,C10316,Store,1,USD,Completed
SO-500908,2025-05-11,11,2025-05-11,2025-05-12,C10372,Store,2,USD,Completed
SO-500909,2025-05-11,17,2025-05-11,2025-05-15,C10176,Online,5,EUR,Completed
SO-500910,2025-05-12,17,2025-05-12,2025-05-15,C10166,Store,1,USD,Completed
SO-500911,2025-05-12,9,2025-05-12,2025-05-14,C10084,Online,2,USD,Completed
SO-500912,2025-05-12,11,2025-05-12,2025-05-15,C10141,Online,1,USD,Completed
SO-500913,2025-05-12,16,2025-05-12,2025-05-13,C10046,Online,3,USD,Completed
SO-500914,2025-05-12,14,2025-05-12,2025-05-14,C10381,Online,4,USD,Completed
SO-500915,2025-05-12,11,2025-05-12,2025-05-13,C10113,Online,3,USD,Completed
SO-500916,2025-05-12,18,2025-05-12,2025-05-16,C10392,Online,5,EUR,Completed
SO-500917,2025-05-12,22,2025-05-12,2025-05-16,C10092,Online,2,USD,Completed
SO-500918,2025-05-13,17,2025-05-13,2025-05-14,C10090,Online,3,USD,Completed
SO-500919,2025-05-13,17,2025-05-13,2025-05-17,C10157,Online,4,USD,Completed
SO-500920,2025-05-13,14,2025-05-13,2025-05-14,C10195,Online,3,USD,Completed
SO-500921,2025-05-13,17,2025-05-13,2025-05-14,C10338,Online,2,USD,Completed
SO-500922,2025-05-13,8,2025-05-13,2025-05-15,C10077,Wholesale,4,USD,Completed
SO-500923,2025-05-13,10,2025-05-13,2025-05-17,C10079,Store,2,USD,Completed
SO-500924,2025-05-13,20,2025-05-13,2025-05-14,C10122,Online,4,USD,Completed
SO-500925,2025-05-14,10,2025-05-14,2025-05-16,C10266,Online,3,USD,Completed
SO-500926,2025-05-14,9,2025-05-14,2025-05-18,C10148,Online,5,EUR,Completed
SO-500927,2025-05-14,9,2025-05-14,2025-05-15,C10092,Online,2,USD,Completed
SO-500928,2025-05-14,14,2025-05-14,2025-05-17,C10277,Store,2,USD,Completed
SO-500929,2025-05-14,21,2025-05-14,2025-05-15,C10001,Store,5,EUR,Completed
SO-500930,2025-05-14,13,2025-05-14,2025-05-15,C10301,Store,1,USD,Completed
SO-500931,2025-05-14,10,2025-05-14,2025-05-17,C10234,Online,5,EUR,Completed
SO-500932,2025-05-14,13,2025-05-14,2025-05-16,C10037,Online,1,USD,Completed
SO-500933,2025-05-14,17,2025-05-14,2025-05-18,C10364,Online,2,USD,Completed
SO-500934,2025-05-14,22,2025-05-14,2025-05-15,C10396,Online,1,USD,Completed
SO-500935,2025-05-15,8,2025-05-15,2025-05-17,C10106,Store,3,USD,Completed
SO-500936,2025-05-15,8,2025-05-15,2025-05-18,C10195,Online,1,USD,Completed
SO-500937,2025-05-15,14,2025-05-15,2025-05-19,C10215,Store,2,USD,Completed
SO-500938,2025-05-15,12,2025-05-15,2025-05-19,C10020,Store,1,USD,Completed
SO-500939,2025-05-15,13,2025-05-15,2025-05-18,C10304,Online,2,USD,Completed
SO-500940,2025-05-15,16,2025-05-15,2025-05-17,C10077,Wholesale,4,USD,Completed
SO-500941,2025-05-15,13,2025-05-15,2025-05-18,C10354,Store,3,USD,Completed
SO-500942,2025-05-15,17,2025-05-15,2025-05-18,C10139,Online,1,USD,Completed
SO-500943,2025-05-16,17,2025-05-16,2025-05-20,C10385,Online,1,USD,Completed
SO-500944,2025-05-16,12,2025-05-16,2025-05-18,C10002,Online,3,USD,Completed
SO-500945,2025-05-16,11,2025-05-16,2025-05-17,C10372,Online,2,USD,Completed
SO-500946,2025-05-16,11,2025-05-16,2025-05-19,C10007,Store,2,USD,Completed
SO-500947,2025-05-16,21,2025-05-16,2025-05-17,C10059,Store,1,USD,Completed
SO-500948,2025-05-16,13,2025-05-16,2025-05-20,C10163,Online,3,USD,Completed
SO-500949,2025-05-16,22,2025-05-16,2025-05-19,C10288,Staff,2,USD,Completed
SO-500950,2025-05-16,21,2025-05-16,2025-05-17,C10419,Store,2,USD,Completed
SO-500951,2025-05-16,21,2025-05-16,2025-05-17,C10307,Store,1,USD,Completed
SO-500952,2025-05-17,12,2025-05-17,2025-05-20,C10306,Online,1,USD,Completed
SO-500953,2025-05-17,14,2025-05-17,2025-05-21,C10289,Online,3,USD,Completed
SO-500954,2025-05-17,13,2025-05-17,2025-05-18,C10219,Online,3,USD,Completed
SO-500955,2025-05-17,21,2025-05-17,2025-05-21,C10204,Online,1,USD,Completed
SO-500956,2025-05-17,15,2025-05-17,2025-05-20,C10345,Online,2,USD,Completed
SO-500957,2025-05-17,16,2025-05-17,,C10296,Store,5,EUR,Cancelled
SO-500958,2025-05-17,14,2025-05-17,2025-05-18,C10050,Online,2,USD,Completed
SO-500959,2025-05-17,10,2025-05-17,2025-05-19,C10168,Online,2,USD,Completed
SO-500960,2025-05-17,19,2025-05-17,2025-05-19,C10388,Online,3,USD,Completed
SO-500961,2025-05-17,18,2025-05-17,2025-05-21,C10196,Online,4,USD,Completed
SO-500962,2025-05-18,11,2025-05-18,2025-05-22,C10342,Online,5,EUR,Completed
SO-500963,2025-05-18,21,2025-05-18,2025-05-19,C10103,Store,5,EUR,Completed
SO-500964,2025-05-18,21,2025-05-18,2025-05-21,C10333,Online,3,USD,Completed
SO-500965,2025-05-18,20,2025-05-18,2025-05-22,C10042,Online,3,USD,Completed
SO-500966,2025-05-18,21,2025-05-18,2025-05-22,C10181,Online,3,USD,Completed
SO-500967,2025-05-18,19,2025-05-18,2025-05-20,C10173,Store,1,USD,Completed
SO-500968,2025-05-18,14,2025-05-18,2025-05-22,C10297,Online,3,USD,Completed
SO-500969,2025-05-18,18,2025-05-18,2025-05-22,C10195,Store,3,USD,Completed
SO-500970,2025-05-18,11,2025-05-18,2025-05-19,C10071,Online,2,USD,Completed
SO-500971,2025-05-19,22,2025-05-19,2025-05-21,C10137,Online,4,USD,Completed
SO-500972,2025-05-19,14,2025-05-19,2025-05-20,C10173,Staff,1,USD,Completed
SO-500973,2025-05-19,17,2025-05-19,2025-05-23,C10194,Store,5,EUR,Completed
SO-500974,2025-05-19,11,2025-05-19,2025-05-22,C10304,Store,2,USD,Completed
SO-500975,2025-05-19,9,2025-05-19,2025-05-21,C10259,Online,4,USD,Completed
SO-500976,2025-05-19,12,2025-05-19,2025-05-23,C10076,Online,2,USD,Completed
SO-500977,2025-05-19,11,2025-05-19,2025-05-23,C10420,Online,4,USD,Completed
SO-500978,2025-05-19,8,2025-05-19,2025-05-21,C10124,Online,3,USD,Completed
SO-500979,2025-05-20,20,2025-05-20,2025-05-23,C10348,Online,1,USD,Completed
SO-500980,2025-05-20,11,2025-05-20,2025-05-21,C10419,Online,2,USD,Completed
SO-500981,2025-05-20,12,2025-05-20,2025-05-22,C10041,Store,4,USD,Completed
SO-500982,2025-05-20,11,2025-05-20,2025-05-24,C10207,Store,3,USD,Completed
SO-500983,2025-05-20,15,2025-05-20,2025-05-21,C10019,Online,3,USD,Completed
SO-500984,2025-05-20,21,2025-05-20,2025-05-23,C10259,Online,3,USD,Completed
SO-500985,2025-05-20,14,2025-05-20,,C10301,Wholesale,1,USD,Cancelled
SO-500986,2025-05-20,16,2025-05-20,2025-05-24,C10365,Store,2,USD,Completed
SO-500987,2025-05-20,17,2025-05-20,2025-05-21,C10301,Store,4,USD,Completed
SO-500988,2025-05-21,13,2025-05-21,2025-05-22,C10148,Store,5,EUR,Completed
SO-500989,2025-05-21,12,2025-05-21,2025-05-25,C10077,Wholesale,4,USD,Completed
SO-500990,2025-05-21,10,2025-05-21,2025-05-23,C10278,Online,5,EUR,Completed
SO-500991,2025-05-21,21,2025-05-21,2025-05-22,C10395,Online,1,USD,Completed
SO-500992,2025-05-21,10,2025-05-21,2025-05-23,C10042,Store,3,USD,Completed
SO-500993,2025-05-21,21,2025-05-21,2025-05-24,C10042,Store,3,USD,Completed
SO-500994,2025-05-21,11,2025-05-21,2025-05-25,C10088,Online,3,USD,Completed
SO-500995,2025-05-21,8,2025-05-21,2025-05-24,C10266,Online,4,USD,Completed
SO-500996,2025-05-22,10,2025-05-22,2025-05-25,C10131,Online,2,USD,Completed
SO-500997,2025-05-22,11,2025-05-22,2025-05-26,C10254,Online,5,EUR,Completed
SO-500998,2025-05-22,22,2025-05-22,2025-05-24,C10115,Store,1,USD,Completed
SO-500999,2025-05-22,21,2025-05-22,2025-05-26,C10195,Store,3,USD,Completed
SO-501000,2025-05-22,14,2025-05-22,2025-05-25,C10135,Online,2,USD,Completed
SO-501001,2025-05-22,15,2025-05-22,2025-05-25,C10022,Online,5,EUR,Completed
SO-501002,2025-05-22,21,2025-05-22,2025-05-24,C10336,Online,3,USD,Completed
SO-501003,2025-05-22,18,2025-05-22,2025-05-24,C10296,Wholesale,5,EUR,Completed
SO-501004,2025-05-23,15,2025-05-23,2025-05-25,C10144,Online,4,USD,Completed
SO-501005,2025-05-23,20,2025-05-23,2025-05-27,C10007,Online,2,USD,Completed
SO-501006,2025-05-23,15,2025-05-23,2025-05-24,C10381,Store,4,USD,Completed
SO-501007,2025-05-23,12,2025-05-23,2025-05-24,C10277,Online,2,USD,Completed
SO-501008,2025-05-23,8,2025-05-23,2025-05-27,C10157,Store,1,USD,Completed
SO-501009,2025-05-23,15,2025-05-23,2025-05-25,C10011,Online,4,USD,Completed
SO-501010,2025-05-23,9,2025-05-23,2025-05-25,C10379,Online,2,USD,Completed
SO-501011,2025-05-23,19,2025-05-23,2025-05-26,C10221,Online,1,USD,Completed
SO-501012,2025-05-23,21,2025-05-23,2025-05-24,C10338,Online,1,USD,Completed
SO-501013,2025-05-24,9,2025-05-24,2025-05-28,C10311,Store,2,USD,Completed
SO-501014,2025-05-24,21,2025-05-24,2025-05-27,C10100,Online,4,USD,Completed
SO-501015,2025-05-24,16,2025-05-24,2025-05-28,C10084,Online,2,USD,Completed
SO-501016,2025-05-24,8,2025-05-24,2025-05-28,C10241,Store,2,USD,Completed
SO-501017,2025-05-24,17,2025-05-24,2025-05-25,C10291,Store,2,USD,Completed
SO-501018,2025-05-24,8,2025-05-24,2025-05-28,C10216,Online,2,USD,Completed
SO-501019,2025-05-24,11,2025-05-24,2025-05-27,C10216,Store,2,USD,Completed
SO-501020,2025-05-24,16,2025-05-24,2025-05-28,C10112,Online,1,USD,Completed
SO-501021,2025-05-24,12,2025-05-24,,C10192,Staff,3,USD,Cancelled
SO-501022,2025-05-25,9,2025-05-25,2025-05-26,C10028,Online,3,USD,Completed
SO-501023,2025-05-25,18,2025-05-25,2025-05-27,C10379,Store,2,USD,Completed
SO-501024,2025-05-25,22,2025-05-25,2025-05-28,C10048,Store,1,USD,Completed
SO-501025,2025-05-25,16,2025-05-25,2025-05-28,C10094,Online,1,USD,Completed
SO-501026,2025-05-25,10,2025-05-25,2025-05-28,C10347,Store,1,USD,Completed
SO-501027,2025-05-25,19,2025-05-25,2025-05-27,C10178,Online,2,USD,Completed
SO-501028,2025-05-25,9,2025-05-25,2025-05-28,C10239,Online,2,USD,Completed
SO-501029,2025-05-25,12,2025-05-25,2025-05-27,C10279,Online,1,USD,Completed
SO-501030,2025-05-25,21,2025-05-25,2025-05-27,C10357,Online,1,USD,Completed
SO-501031,2025-05-25,8,2025-05-25,2025-05-29,C10301,Online,1,USD,Completed
SO-501032,2025-05-25,14,2025-05-25,2025-05-29,C10045,Store,1,USD,Completed
SO-501033,2025-05-25,14,2025-05-25,2025-05-26,C10041,Online,4,USD,Completed
SO-501034,2025-05-26,17,2025-05-26,2025-05-28,C10153,Online,1,USD,Completed
SO-501035,2025-05-26,11,2025-05-26,2025-05-28,C10270,Online,3,USD,Completed
SO-501036,2025-05-26,18,2025-05-26,2025-05-27,C10041,Store,3,USD,Completed
SO-501037,2025-05-26,21,2025-05-26,2025-05-30,C10419,Online,2,USD,Completed
SO-501038,2025-05-26,16,2025-05-26,2025-05-28,C10045,Online,1,USD,Completed
SO-501039,2025-05-26,22,2025-05-26,2025-05-29,C10295,Online,5,EUR,Completed
SO-501040,2025-05-26,11,2025-05-26,2025-05-28,C10226,Store,3,USD,Completed
SO-501041,2025-05-26,8,2025-05-26,,C10357,Store,1,USD,Cancelled
SO-501042,2025-05-26,22,2025-05-26,2025-05-30,C10329,Staff,3,USD,Completed
SO-501043,2025-05-26,14,2025-05-26,2025-05-27,C10289,Online,4,USD,Completed
SO-501044,2025-05-27,18,2025-05-27,2025-05-29,C10073,Store,1,USD,Completed
SO-501045,2025-05-27,17,2025-05-27,2025-05-31,C10188,Online,4,USD,Completed
SO-501046,2025-05-27,15,2025-05-27,2025-05-31,C10284,Wholesale,4,USD,Completed
SO-501047,2025-05-27,19,2025-05-27,2025-05-28,C10118,Online,1,USD,Completed
SO-501048,2025-05-27,11,2025-05-27,2025-05-30,C10171,Online,2,USD,Completed
SO-501049,2025-05-27,12,2025-05-27,2025-05-30,C10399,Online,4,USD,Completed
SO-501050,2025-05-27,8,2025-05-27,2025-05-30,C10153,Online,1,USD,Completed
SO-501051,2025-05-27,15,2025-05-27,2025-05-30,C10420,Store,4,USD,Completed
SO-501052,2025-05-27,8,2025-05-27,2025-05-31,C10172,Online,2,USD,Completed
SO-501053,2025-05-27,11,2025-05-27,2025-05-30,C10100,Online,4,USD,Completed
SO-501054,2025-05-27,22,2025-05-27,2025-05-30,C10112,Wholesale,1,USD,Completed
SO-501055,2025-05-28,12,2025-05-28,2025-05-29,C10001,Online,5,EUR,Completed
SO-501056,2025-05-28,20,2025-05-28,2025-05-30,C10338,Online,2,USD,Completed
SO-501057,2025-05-28,9,2025-05-28,2025-06-01,C10370,Staff,1,USD,Completed
SO-501058,2025-05-28,13,2025-05-28,2025-05-31,C10054,Online,2,USD,Completed
SO-501059,2025-05-28,9,2025-05-28,2025-06-01,C10204,Online,1,USD,Completed
SO-501060,2025-05-28,15,2025-05-28,2025-05-31,C10350,Online,1,USD,Completed
SO-501061,2025-05-28,8,2025-05-28,,C10017,Store,1,USD,Cancelled
SO-501062,2025-05-29,18,2025-05-29,2025-06-01,C10161,Store,2,USD,Completed
SO-501063,2025-05-29,10,2025-05-29,2025-06-03,C10042,Wholesale,3,USD,Completed
SO-501064,2025-05-29,20,2025-05-29,2025-05-31,C10085,Online,1,USD,Completed
SO-501065,2025-05-29,18,2025-05-29,2025-06-01,C10063,Store,3,USD,Completed
SO-501066,2025-05-29,9,2025-05-29,2025-05-30,C10146,Store,3,USD,Completed
SO-501067,2025-05-29,12,2025-05-29,2025-06-01,C10166,Store,4,USD,Completed
SO-501068,2025-05-29,8,2025-05-29,2025-05-30,C10217,Online,3,USD,Completed
SO-501069,2025-05-29,10,2025-05-29,2025-05-30,C10420,Online,4,USD,Completed
SO-501070,2025-05-29,15,2025-05-29,2025-06-01,C10017,Store,1,USD,Completed
SO-501071,2025-05-30,17,2025-05-30,2025-06-02,C10085,Online,4,USD,Completed
SO-501072,2025-05-30,10,2025-05-30,2025-05-31,C10406,Online,4,USD,Completed
SO-501073,2025-05-30,16,2025-05-30,2025-06-02,C10292,Store,5,EUR,Completed
SO-501074,2025-05-30,15,2025-05-30,2025-06-02,C10171,Online,2,USD,Completed
SO-501075,2025-05-30,13,2025-05-30,2025-06-03,C10083,Store,4,USD,Completed
SO-501076,2025-05-30,13,2025-05-30,2025-05-31,C10348,Store,1,USD,Completed
SO-501077,2025-05-30,15,2025-05-30,2025-05-31,C10065,Store,1,USD,Completed
SO-501078,2025-05-30,14,2025-05-30,2025-06-02,C10214,Online,5,EUR,Completed
SO-501079,2025-05-30,20,2025-05-30,2025-05-31,C10370,Store,1,USD,Completed
SO-501080,2025-05-31,8,2025-05-31,2025-06-01,C10314,Store,3,USD,Completed
SO-501081,2025-05-31,12,2025-05-31,2025-06-02,C10099,Online,5,EUR,Completed
SO-501082,2025-05-31,21,2025-06-01,2025-06-01,C10066,Online,3,USD,Completed
SO-501083,2025-05-31,17,2025-05-31,2025-06-02,C10348,Online,1,USD,Completed
SO-501084,2025-05-31,16,2025-05-31,2025-06-02,C10380,Store,2,USD,Completed
SO-501085,2025-05-31,12,2025-05-31,2025-06-02,C10029,Online,2,USD,Completed
SO-501086,2025-05-31,10,2025-05-31,2025-06-01,C10067,Online,1,USD,Completed
SO-501087,2025-05-31,20,2025-06-01,2025-06-04,C10266,Online,3,USD,Completed
SO-501088,2025-05-31,22,2025-06-01,,C10083,Online,4,USD,Cancelled
SO-501089,2025-05-31,8,2025-05-31,2025-06-04,C10202,Store,4,USD,Completed
SO-501090,2025-05-31,19,2025-06-01,2025-06-03,C10040,Store,1,USD,Completed
SO-501091,2025-06-01,20,2025-06-01,2025-06-07,C10077,Wholesale,4,USD,Completed
SO-501092,2025-06-01,15,2025-06-01,2025-06-03,C10305,Online,3,USD,Completed
SO-501093,2025-06-01,16,2025-06-01,2025-06-03,C10348,Online,1,USD,Completed
SO-501094,2025-06-01,19,2025-06-01,2025-06-02,C10405,Online,5,EUR,Completed
SO-501095,2025-06-01,10,2025-06-01,2025-06-04,C10051,Wholesale,3,USD,Completed
SO-501096,2025-06-01,19,2025-06-01,2025-06-05,C10005,Online,4,USD,Completed
SO-501097,2025-06-01,11,2025-06-01,2025-06-05,C10111,Online,5,EUR,Completed
SO-501098,2025-06-01,18,2025-06-01,2025-06-02,C10216,Store,1,USD,Completed
SO-501099,2025-06-01,8,2025-06-01,2025-06-05,C10069,Store,3,USD,Completed
SO-501100,2025-06-01,8,2025-06-01,2025-06-02,C10348,Online,1,USD,Completed
SO-501101,2025-06-01,14,2025-06-01,2025-06-05,C10122,Store,3,USD,Completed
SO-501102,2025-06-01,17,2025-06-01,2025-06-05,C10391,Wholesale,2,USD,Completed
SO-501103,2025-06-01,18,2025-06-01,2025-06-02,C10348,Store,3,USD,Completed
SO-501104,2025-06-01,12,2025-06-01,2025-06-05,C10039,Online,5,EUR,Completed
SO-501105,2025-06-02,16,2025-06-02,2025-06-06,C10087,Online,3,USD,Completed
SO-501106,2025-06-02,9,2025-06-02,2025-06-04,C10003,Online,3,USD,Completed
SO-501107,2025-06-02,15,2025-06-02,2025-06-05,C10400,Store,1,USD,Completed
SO-501108,2025-06-02,15,2025-06-02,2025-06-05,C10285,Online,2,USD,Completed
SO-501109,2025-06-02,8,2025-06-02,2025-06-05,C10111,Online,5,EUR,Completed
SO-501110,2025-06-02,21,2025-06-02,2025-06-05,C10344,Online,4,USD,Completed
SO-501111,2025-06-02,21,2025-06-02,2025-06-04,C10336,Online,3,USD,Completed
SO-501112,2025-06-02,15,2025-06-02,2025-06-05,C10113,Store,3,USD,Completed
SO-501113,2025-06-02,17,2025-06-02,2025-06-03,C10150,Store,4,USD,Completed
SO-501114,2025-06-02,16,2025-06-02,2025-06-05,C10014,Online,2,USD,Completed
SO-501115,2025-06-03,15,2025-06-03,2025-06-04,C10221,Online,1,USD,Completed
SO-501116,2025-06-03,8,2025-06-03,2025-06-06,C10113,Store,3,USD,Completed
SO-501117,2025-06-03,16,2025-06-03,2025-06-05,C10310,Store,5,EUR,Completed
SO-501118,2025-06-03,12,2025-06-03,2025-06-07,C10031,Store,3,USD,Completed
SO-501119,2025-06-03,8,2025-06-03,2025-06-05,C10271,Store,3,USD,Completed
SO-501120,2025-06-03,16,2025-06-03,2025-06-04,C10131,Store,2,USD,Completed
SO-501121,2025-06-03,10,2025-06-03,2025-06-05,C10181,Store,4,USD,Completed
SO-501122,2025-06-03,11,2025-06-03,2025-06-04,C10064,Online,5,EUR,Completed
SO-501123,2025-06-03,15,2025-06-03,2025-06-06,C10345,Store,2,USD,Completed
SO-501124,2025-06-03,13,2025-06-03,2025-06-07,C10148,Online,5,EUR,Completed
SO-501125,2025-06-03,19,2025-06-03,2025-06-04,C10310,Online,5,EUR,Completed
SO-501126,2025-06-04,20,2025-06-04,2025-06-06,C10346,Store,3,USD,Completed
SO-501127,2025-06-04,16,2025-06-04,2025-06-06,C10312,Online,2,USD,Completed
SO-501128,2025-06-04,21,2025-06-04,2025-06-07,C10250,Store,4,USD,Completed
SO-501129,2025-06-04,15,2025-06-04,2025-06-07,C10348,Online,1,USD,Completed
SO-501130,2025-06-04,8,2025-06-04,2025-06-08,C10396,Store,1,USD,Completed
SO-501131,2025-06-04,22,2025-06-04,2025-06-06,C10348,Online,1,USD,Completed
SO-501132,2025-06-04,19,2025-06-04,,C10100,Online,4,USD,Cancelled
SO-501133,2025-06-04,20,2025-06-04,2025-06-06,C10191,Online,1,USD,Completed
SO-501134,2025-06-04,16,2025-06-04,2025-06-05,C10057,Online,1,USD,Completed
SO-501135,2025-06-05,8,2025-06-05,2025-06-08,C10333,Store,1,USD,Completed
SO-501136,2025-06-05,22,2025-06-05,2025-06-07,C10316,Online,1,USD,Completed
SO-501137,2025-06-05,18,2025-06-05,2025-06-09,C10097,Staff,4,USD,Completed
SO-501138,2025-06-05,10,2025-06-05,2025-06-08,C10141,Wholesale,1,USD,Completed
SO-501139,2025-06-05,17,2025-06-05,2025-06-08,C10394,Online,5,EUR,Completed
SO-501140,2025-06-05,10,2025-06-05,2025-06-06,C10061,Online,3,USD,Completed
SO-501141,2025-06-05,17,2025-06-05,2025-06-07,C10034,Online,1,USD,Completed
SO-501142,2025-06-05,8,2025-06-05,2025-06-09,C10160,Online,2,USD,Completed
SO-501143,2025-06-05,21,2025-06-05,2025-06-08,C10113,Staff,4,USD,Completed
SO-501144,2025-06-06,8,2025-06-06,2025-06-09,C10288,Staff,2,USD,Completed
SO-501145,2025-06-06,20,2025-06-06,2025-06-08,C10186,Store,3,USD,Completed
SO-501146,2025-06-06,8,2025-06-06,,C10151,Online,4,USD,Cancelled
SO-501147,2025-06-06,16,2025-06-06,2025-06-08,C10256,Store,1,USD,Completed
SO-501148,2025-06-06,11,2025-06-06,2025-06-08,C10202,Wholesale,4,USD,Completed
SO-501149,2025-06-06,18,2025-06-06,2025-06-07,C10189,Wholesale,5,EUR,Completed
SO-501150,2025-06-06,12,2025-06-06,2025-06-07,C10387,Online,1,USD,Completed
SO-501151,2025-06-06,15,2025-06-06,2025-06-10,C10295,Store,5,EUR,Completed
SO-501152,2025-06-06,9,2025-06-06,2025-06-10,C10344,Online,4,USD,Completed
SO-501153,2025-06-06,10,2025-06-06,2025-06-10,C10059,Store,2,USD,Completed
SO-501154,2025-06-07,16,2025-06-07,2025-06-08,C10241,Store,2,USD,Completed
SO-501155,2025-06-07,22,2025-06-07,2025-06-08,C10141,Online,1,USD,Completed
SO-501156,2025-06-07,14,2025-06-07,2025-06-10,C10074,Store,1,USD,Completed
SO-501157,2025-06-07,12,2025-06-07,2025-06-11,C10169,Store,3,USD,Completed
SO-501158,2025-06-07,20,2025-06-07,2025-06-10,C10348,Online,1,USD,Completed
SO-501159,2025-06-07,13,2025-06-07,2025-06-09,C10099,Online,5,EUR,Completed
SO-501160,2025-06-07,11,2025-06-07,2025-06-11,C10348,Store,1,USD,Completed
SO-501161,2025-06-07,15,2025-06-07,2025-06-11,C10298,Online,2,USD,Completed
SO-501162,2025-06-07,16,2025-06-07,2025-06-10,C10075,Online,3,USD,Completed
SO-501163,2025-06-07,9,2025-06-07,2025-06-11,C10171,Store,2,USD,Completed
SO-501164,2025-06-07,11,2025-06-07,2025-06-09,C10325,Online,2,USD,Completed
SO-501165,2025-06-07,21,2025-06-07,2025-06-10,C10399,Online,4,USD,Completed
SO-501166,2025-06-08,11,2025-06-08,2025-06-09,C10118,Online,1,USD,Completed
SO-501167,2025-06-08,13,2025-06-08,2025-06-11,C10381,Store,4,USD,Completed
SO-501168,2025-06-08,14,2025-06-08,,C10012,Store,3,USD,Cancelled
SO-501169,2025-06-08,14,2025-06-08,2025-06-10,C10416,Store,3,USD,Completed
SO-501170,2025-06-08,8,2025-06-08,2025-06-10,C10004,Store,2,USD,Completed
SO-501171,2025-06-08,17,2025-06-08,2025-06-12,C10259,Store,4,USD,Completed
SO-501172,2025-06-08,18,2025-06-08,2025-06-11,C10100,Store,4,USD,Completed
SO-501173,2025-06-08,17,2025-06-08,2025-06-09,C10130,Online,1,USD,Completed
SO-501174,2025-06-08,19,2025-06-08,2025-06-09,C10080,Store,1,USD,Completed
SO-501175,2025-06-08,16,2025-06-08,2025-06-12,C10323,Store,2,USD,Completed
SO-501176,2025-06-08,13,2025-06-08,2025-06-10,C10259,Online,1,USD,Completed
SO-501177,2025-06-08,22,2025-06-08,2025-06-12,C10384,Store,1,USD,Completed
SO-501178,2025-06-08,15,2025-06-08,2025-06-09,C10025,Store,2,USD,Completed
SO-501179,2025-06-08,16,2025-06-08,2025-06-11,C10136,Online,3,USD,Completed
SO-501180,2025-06-09,12,2025-06-09,2025-06-11,C10316,Store,1,USD,Completed
SO-501181,2025-06-09,12,2025-06-09,2025-06-12,C10247,Store,5,EUR,Completed
SO-501182,2025-06-09,21,2025-06-09,2025-06-13,C10385,Online,1,USD,Completed
SO-501183,2025-06-09,13,2025-06-09,2025-06-12,C10267,Online,1,USD,Completed
SO-501184,2025-06-09,16,2025-06-09,2025-06-13,C10083,Store,4,USD,Completed
SO-501185,2025-06-09,17,2025-06-09,2025-06-10,C10177,Online,1,USD,Completed
SO-501186,2025-06-09,8,2025-06-09,2025-06-10,C10379,Online,2,USD,Completed
SO-501187,2025-06-09,22,2025-06-09,2025-06-13,C10306,Online,4,USD,Completed
SO-501188,2025-06-10,22,2025-06-10,2025-06-13,C10338,Online,2,USD,Completed
SO-501189,2025-06-10,15,2025-06-10,2025-06-12,C10396,Online,2,USD,Completed
SO-501190,2025-06-10,18,2025-06-10,2025-06-12,C10160,Online,2,USD,Completed
SO-501191,2025-06-10,8,2025-06-10,2025-06-11,C10348,Online,1,USD,Completed
SO-501192,2025-06-10,11,2025-06-10,2025-06-14,C10135,Store,2,USD,Completed
SO-501193,2025-06-10,8,2025-06-10,2025-06-11,C10369,Online,4,USD,Completed
SO-501194,2025-06-10,17,2025-06-10,2025-06-13,C10355,Store,2,USD,Completed
SO-501195,2025-06-10,17,2025-06-10,2025-06-14,C10321,Store,1,USD,Completed
SO-501196,2025-06-10,19,2025-06-10,2025-06-12,C10077,Wholesale,4,USD,Completed
SO-501197,2025-06-11,14,2025-06-11,2025-06-13,C10037,Online,1,USD,Completed
SO-501198,2025-06-11,13,2025-06-11,2025-06-15,C10397,Store,3,USD,Completed
SO-501199,2025-06-11,12,2025-06-11,2025-06-12,C10018,Store,1,USD,Completed
SO-501200,2025-06-11,15,2025-06-11,2025-06-12,C10113,Online,3,USD,Completed
SO-501201,2025-06-11,16,2025-06-11,2025-06-12,C10354,Online,3,USD,Completed
SO-501202,2025-06-11,18,2025-06-11,2025-06-14,C10148,Online,5,EUR,Completed
SO-501203,2025-06-11,22,2025-06-11,2025-06-12,C10266,Store,3,USD,Completed
SO-501204,2025-06-11,8,2025-06-11,2025-06-12,C10136,Store,3,USD,Completed
SO-501205,2025-06-11,12,2025-06-11,2025-06-12,C10325,Online,1,USD,Completed
SO-501206,2025-06-11,13,2025-06-11,2025-06-12,C10323,Online,2,USD,Completed
SO-501207,2025-06-11,22,2025-06-11,2025-06-15,C10222,Store,2,USD,Completed
SO-501208,2025-06-12,9,2025-06-12,2025-06-15,C10414,Online,5,EUR,Completed
SO-501209,2025-06-12,20,2025-06-12,2025-06-16,C10386,Online,1,USD,Completed
SO-501210,2025-06-12,14,2025-06-12,2025-06-16,C10001,Online,5,EUR,Completed
SO-501211,2025-06-12,15,2025-06-12,2025-06-15,C10259,Online,4,USD,Completed
SO-501212,2025-06-12,10,2025-06-12,2025-06-13,C10293,Online,2,USD,Completed
SO-501213,2025-06-12,16,2025-06-12,2025-06-13,C10040,Online,1,USD,Completed
SO-501214,2025-06-12,8,2025-06-12,2025-06-16,C10225,Online,5,EUR,Completed
SO-501215,2025-06-12,10,2025-06-12,2025-06-15,C10100,Store,4,USD,Completed
SO-501216,2025-06-12,9,2025-06-12,2025-06-14,C10051,Online,3,USD,Completed
SO-501217,2025-06-12,15,2025-06-12,2025-06-13,C10259,Online,4,USD,Completed
SO-501218,2025-06-13,18,2025-06-13,2025-06-20,C10266,Wholesale,3,USD,Completed
SO-501219,2025-06-13,22,2025-06-13,2025-06-17,C10419,Online,2,USD,Completed
SO-501220,2025-06-13,17,2025-06-13,2025-06-15,C10377,Store,3,USD,Completed
SO-501221,2025-06-13,22,2025-06-13,2025-06-15,C10040,Store,1,USD,Completed
SO-501222,2025-06-13,11,2025-06-13,2025-06-15,C10084,Store,2,USD,Completed
SO-501223,2025-06-13,9,2025-06-13,2025-06-14,C10319,Online,3,USD,Completed
SO-501224,2025-06-13,17,2025-06-13,2025-06-16,C10020,Online,1,USD,Completed
SO-501225,2025-06-13,10,2025-06-13,2025-06-16,C10067,Store,1,USD,Completed
SO-501226,2025-06-13,21,2025-06-13,2025-06-15,C10275,Online,2,USD,Completed
SO-501227,2025-06-14,16,2025-06-14,2025-06-17,C10213,Store,1,USD,Completed
SO-501228,2025-06-14,14,2025-06-14,2025-06-20,C10396,Wholesale,1,USD,Completed
SO-501229,2025-06-14,8,2025-06-14,2025-06-16,C10100,Online,4,USD,Completed
SO-501230,2025-06-14,16,2025-06-14,2025-06-17,C10081,Store,3,USD,Completed
SO-501231,2025-06-14,9,2025-06-14,2025-06-17,C10148,Online,5,EUR,Completed
SO-501232,2025-06-14,19,2025-06-14,2025-06-17,C10178,Store,2,USD,Completed
SO-501233,2025-06-14,10,2025-06-14,2025-06-16,C10228,Store,1,USD,Completed
SO-501234,2025-06-14,12,2025-06-14,2025-06-15,C10118,Store,1,USD,Completed
SO-501235,2025-06-14,19,2025-06-14,2025-06-15,C10135,Online,3,USD,Completed
SO-501236,2025-06-14,15,2025-06-14,2025-06-16,C10176,Store,5,EUR,Completed
SO-501237,2025-06-14,18,2025-06-14,2025-06-16,C10010,Online,2,USD,Completed
SO-501238,2025-06-14,20,2025-06-14,2025-06-15,C10127,Online,1,USD,Completed
SO-501239,2025-06-14,14,2025-06-14,2025-06-17,C10357,Online,1,USD,Completed
SO-501240,2025-06-14,20,2025-06-14,2025-06-15,C10314,Store,3,USD,Completed
SO-501241,2025-06-15,8,2025-06-15,2025-06-17,C10042,Online,3,USD,Completed
SO-501242,2025-06-15,16,2025-06-15,,C10077,Wholesale,3,USD,Cancelled
SO-501243,2025-06-15,18,2025-06-15,2025-06-17,C10348,Online,3,USD,Completed
SO-501244,2025-06-15,16,2025-06-15,2025-06-19,C10143,Online,1,USD,Completed
SO-501245,2025-06-15,22,2025-06-15,2025-06-19,C10391,Store,2,USD,Completed
SO-501246,2025-06-15,22,2025-06-15,2025-06-18,C10323,Online,2,USD,Completed
SO-501247,2025-06-15,10,2025-06-15,2025-06-16,C10201,Online,3,USD,Completed
SO-501248,2025-06-15,20,2025-06-15,2025-06-16,C10234,Online,5,EUR,Completed
SO-501249,2025-06-15,21,2025-06-15,2025-06-19,C10223,Online,1,USD,Completed
SO-501250,2025-06-15,16,2025-06-15,2025-06-19,C10032,Store,3,USD,Completed
SO-501251,2025-06-15,17,2025-06-15,2025-06-17,C10001,Online,5,EUR,Completed
SO-501252,2025-06-15,20,2025-06-15,2025-06-19,C10112,Online,2,USD,Completed
SO-501253,2025-06-15,15,2025-06-15,2025-06-16,C10141,Online,2,USD,Completed
SO-501254,2025-06-16,21,2025-06-16,2025-06-20,C10021,Online,3,USD,Completed
SO-501255,2025-06-16,22,2025-06-16,2025-06-19,C10154,Online,5,EUR,Completed
SO-501256,2025-06-16,15,2025-06-16,2025-06-20,C10390,Online,3,USD,Completed
SO-501257,2025-06-16,22,2025-06-16,2025-06-20,C10162,Online,2,USD,Completed
SO-501258,2025-06-16,16,2025-06-16,2025-06-20,C10414,Online,5,EUR,Completed
SO-501259,2025-06-16,9,2025-06-16,2025-06-20,C10041,Store,4,USD,Completed
SO-501260,2025-06-16,17,2025-06-16,2025-06-19,C10132,Online,4,USD,Completed
SO-501261,2025-06-16,17,2025-06-16,2025-06-19,C10046,Store,1,USD,Completed
SO-501262,2025-06-16,12,2025-06-16,2025-06-17,C10059,Store,4,USD,Completed
SO-501263,2025-06-16,11,2025-06-16,2025-06-18,C10148,Store,5,EUR,Completed
SO-501264,2025-06-17,8,2025-06-17,2025-06-18,C10395,Online,1,USD,Completed
SO-501265,2025-06-17,21,2025-06-17,2025-06-19,C10099,Store,5,EUR,Completed
SO-501266,2025-06-17,19,2025-06-17,2025-06-20,C10396,Online,1,USD,Completed
SO-501267,2025-06-17,11,2025-06-17,2025-06-19,C10106,Store,3,USD,Completed
SO-501268,2025-06-17,15,2025-06-17,2025-06-20,C10123,Store,2,USD,Completed
SO-501269,2025-06-17,13,2025-06-17,2025-06-19,C10222,Online,2,USD,Completed
SO-501270,2025-06-17,14,2025-06-17,2025-06-18,C10017,Online,1,USD,Completed
SO-501271,2025-06-17,8,2025-06-17,2025-06-18,C10355,Online,2,USD,Completed
SO-501272,2025-06-17,11,2025-06-17,2025-06-19,C10113,Online,3,USD,Completed
SO-501273,2025-06-18,18,2025-06-18,2025-06-21,C10161,Online,1,USD,Completed
SO-501274,2025-06-18,10,2025-06-18,2025-06-19,C10294,Online,1,USD,Completed
SO-501275,2025-06-18,17,2025-06-18,2025-06-20,C10253,Online,2,USD,Completed
SO-501276,2025-06-18,11,2025-06-18,2025-06-21,C10259,Online,4,USD,Completed
SO-501277,2025-06-18,22,2025-06-18,2025-06-19,C10363,Store,5,EUR,Completed
SO-501278,2025-06-18,18,2025-06-18,2025-06-22,C10126,Store,5,EUR,Completed
SO-501279,2025-06-18,8,2025-06-18,2025-06-20,C10084,Store,2,USD,Completed
SO-501280,2025-06-18,13,2025-06-18,2025-06-20,C10122,Store,2,USD,Completed
SO-501281,2025-06-19,10,2025-06-19,2025-06-20,C10011,Online,4,USD,Completed
SO-501282,2025-06-19,18,2025-06-19,2025-06-21,C10267,Online,1,USD,Completed
SO-501283,2025-06-19,13,2025-06-19,2025-06-23,C10322,Online,1,USD,Completed
SO-501284,2025-06-19,20,2025-06-19,2025-06-23,C10323,Online,1,USD,Completed
SO-501285,2025-06-19,9,2025-06-19,2025-06-23,C10113,Store,3,USD,Completed
SO-501286,2025-06-19,17,2025-06-19,2025-06-21,C10084,Online,2,USD,Completed
SO-501287,2025-06-19,14,2025-06-19,2025-06-20,C10319,Online,1,USD,Completed
SO-501288,2025-06-19,19,2025-06-19,2025-06-21,C10244,Online,1,USD,Completed
SO-501289,2025-06-20,22,2025-06-20,2025-06-24,C10029,Wholesale,2,USD,Completed
SO-501290,2025-06-20,21,2025-06-20,2025-06-23,C10103,Online,5,EUR,Completed
SO-501291,2025-06-20,13,2025-06-20,2025-06-23,C10249,Store,1,USD,Completed
SO-501292,2025-06-20,12,2025-06-20,2025-06-23,C10414,Online,5,EUR,Completed
SO-501293,2025-06-20,13,2025-06-20,2025-06-24,C10018,Online,1,USD,Completed
SO-501294,2025-06-20,10,2025-06-20,2025-06-23,C10394,Store,5,EUR,Completed
SO-501295,2025-06-20,18,2025-06-20,2025-06-23,C10384,Online,2,USD,Completed
SO-501296,2025-06-20,17,2025-06-20,2025-06-22,C10387,Online,2,USD,Completed
SO-501297,2025-06-20,21,2025-06-20,2025-06-22,C10040,Online,1,USD,Completed
SO-501298,2025-06-20,13,2025-06-20,2025-06-24,C10043,Online,5,EUR,Completed
SO-501299,2025-06-20,19,2025-06-20,2025-06-22,C10312,Online,2,USD,Completed
SO-501300,2025-06-21,16,2025-06-21,2025-06-24,C10025,Online,2,USD,Completed
SO-501301,2025-06-21,17,2025-06-21,2025-06-24,C10171,Wholesale,2,USD,Completed
SO-501302,2025-06-21,14,2025-06-21,2025-06-22,C10348,Online,1,USD,Completed
SO-501303,2025-06-21,19,2025-06-21,2025-06-24,C10201,Online,1,USD,Completed
SO-501304,2025-06-21,14,2025-06-21,2025-06-25,C10120,Store,1,USD,Completed
SO-501305,2025-06-21,12,2025-06-21,2025-06-23,C10158,Online,2,USD,Completed
SO-501306,2025-06-21,19,2025-06-21,2025-06-24,C10279,Online,4,USD,Completed
SO-501307,2025-06-21,22,2025-06-21,2025-06-24,C10302,Store,3,USD,Completed
SO-501308,2025-06-21,10,2025-06-21,2025-06-24,C10348,Online,1,USD,Completed
SO-501309,2025-06-21,14,2025-06-21,2025-06-23,C10201,Store,4,USD,Completed
SO-501310,2025-06-21,16,2025-06-21,2025-06-22,C10333,Online,2,USD,Completed
SO-501311,2025-06-21,18,2025-06-21,2025-06-25,C10113,Online,3,USD,Completed
SO-501312,2025-06-21,20,2025-06-21,2025-06-25,C10136,Online,3,USD,Completed
SO-501313,2025-06-21,22,2025-06-21,2025-06-25,C10019,Online,3,USD,Completed
SO-501314,2025-06-22,8,2025-06-22,2025-06-26,C10348,Store,1,USD,Completed
SO-501315,2025-06-22,21,2025-06-22,,C10323,Store,2,USD,Cancelled
SO-501316,2025-06-22,17,2025-06-22,2025-06-26,C10261,Store,3,USD,Completed
SO-501317,2025-06-22,18,2025-06-22,2025-06-25,C10063,Online,3,USD,Completed
SO-501318,2025-06-22,13,2025-06-22,2025-06-23,C10363,Store,5,EUR,Completed
SO-501319,2025-06-22,11,2025-06-22,2025-06-26,C10024,Online,3,USD,Completed
SO-501320,2025-06-22,10,2025-06-22,2025-06-25,C10373,Online,4,USD,Completed
SO-501321,2025-06-22,14,2025-06-22,2025-06-23,C10340,Online,3,USD,Completed
SO-501322,2025-06-22,8,2025-06-22,2025-06-26,C10387,Online,1,USD,Completed
SO-501323,2025-06-22,12,2025-06-22,2025-06-23,C10126,Store,5,EUR,Completed
SO-501324,2025-06-22,14,2025-06-22,2025-06-25,C10024,Online,3,USD,Completed
SO-501325,2025-06-23,16,2025-06-23,2025-06-25,C10343,Online,5,EUR,Completed
SO-501326,2025-06-23,22,2025-06-23,2025-06-28,C10062,Wholesale,2,USD,Completed
SO-501327,2025-06-23,14,2025-06-23,2025-06-26,C10232,Store,2,USD,Completed
SO-501328,2025-06-23,9,2025-06-23,2025-06-24,C10126,Online,5,EUR,Completed
SO-501329,2025-06-23,9,2025-06-23,2025-06-25,C10173,Online,1,USD,Completed
SO-501330,2025-06-23,10,2025-06-23,2025-06-24,C10291,Online,2,USD,Completed
SO-501331,2025-06-23,12,2025-06-23,2025-06-27,C10340,Store,3,USD,Completed
SO-501332,2025-06-23,12,2025-06-23,2025-06-24,C10106,Online,3,USD,Completed
SO-501333,2025-06-23,12,2025-06-23,2025-06-26,C10325,Online,1,USD,Completed
SO-501334,2025-06-23,18,2025-06-23,2025-06-24,C10190,Store,1,USD,Completed
SO-501335,2025-06-24,22,2025-06-24,2025-06-27,C10363,Store,5,EUR,Completed
SO-501336,2025-06-24,16,2025-06-24,2025-06-25,C10093,Store,1,USD,Completed
SO-501337,2025-06-24,20,2025-06-24,2025-06-27,C10113,Online,3,USD,Completed
SO-501338,2025-06-24,17,2025-06-24,2025-06-28,C10394,Online,5,EUR,Completed
SO-501339,2025-06-24,22,2025-06-24,2025-06-26,C10265,Store,4,USD,Completed
SO-501340,2025-06-24,17,2025-06-24,2025-06-28,C10381,Online,4,USD,Completed
SO-501341,2025-06-24,11,2025-06-24,2025-06-28,C10170,Store,3,USD,Completed
SO-501342,2025-06-24,9,2025-06-24,2025-06-25,C10266,Online,3,USD,Completed
SO-501343,2025-06-24,12,2025-06-24,2025-06-25,C10011,Online,4,USD,Completed
SO-501344,2025-06-24,18,2025-06-24,2025-06-28,C10041,Wholesale,3,USD,Completed
SO-501345,2025-06-24,18,2025-06-24,2025-06-27,C10228,Store,1,USD,Completed
SO-501346,2025-06-25,18,2025-06-25,2025-06-28,C10332,Store,4,USD,Completed
SO-501347,2025-06-25,16,2025-06-25,2025-06-26,C10076,Online,2,USD,Completed
SO-501348,2025-06-25,19,2025-06-25,2025-06-27,C10262,Online,5,EUR,Completed
SO-501349,2025-06-25,12,2025-06-25,2025-06-27,C10215,Store,2,USD,Completed
SO-501350,2025-06-25,15,2025-06-25,2025-06-28,C10250,Online,2,USD,Completed
SO-501351,2025-06-25,13,2025-06-25,2025-06-26,C10201,Store,3,USD,Completed
SO-501352,2025-06-25,15,2025-06-25,2025-06-28,C10349,Store,4,USD,Completed
SO-501353,2025-06-25,22,2025-06-25,2025-06-26,C10346,Store,1,USD,Completed
SO-501354,2025-06-25,9,2025-06-25,2025-06-28,C10090,Online,3,USD,Completed
SO-501355,2025-06-25,18,2025-06-25,2025-06-28,C10239,Store,1,USD,Completed
SO-501356,2025-06-25,12,2025-06-25,2025-06-26,C10077,Wholesale,4,USD,Completed
SO-501357,2025-06-26,19,2025-06-26,2025-06-30,C10073,Online,1,USD,Completed
SO-501358,2025-06-26,14,2025-06-26,2025-06-28,C10328,Store,1,USD,Completed
SO-501359,2025-06-26,12,2025-06-26,2025-06-27,C10249,Store,1,USD,Completed
SO-501360,2025-06-26,12,2025-06-26,2025-06-29,C10395,Online,1,USD,Completed
SO-501361,2025-06-26,13,2025-06-26,2025-06-27,C10042,Online,3,USD,Completed
SO-501362,2025-06-26,14,2025-06-26,2025-06-28,C10221,Online,1,USD,Completed
SO-501363,2025-06-26,8,2025-06-26,2025-06-27,C10206,Store,1,USD,Completed
SO-501364,2025-06-26,16,2025-06-26,2025-06-27,C10016,Online,1,USD,Completed
SO-501365,2025-06-27,11,2025-06-27,2025-06-29,C10268,Store,1,USD,Completed
SO-501366,2025-06-27,11,2025-06-27,2025-07-01,C10141,Store,1,USD,Completed
SO-501367,2025-06-27,12,2025-06-27,2025-06-30,C10083,Store,4,USD,Completed
SO-501368,2025-06-27,11,2025-06-27,2025-06-28,C10195,Online,3,USD,Completed
SO-501369,2025-06-27,17,2025-06-27,2025-07-01,C10338,Online,2,USD,Completed
SO-501370,2025-06-27,13,2025-06-27,2025-06-28,C10149,Online,1,USD,Completed
SO-501371,2025-06-27,8,2025-06-27,2025-06-29,C10010,Online,2,USD,Completed
SO-501372,2025-06-27,19,2025-06-27,2025-07-01,C10323,Online,2,USD,Completed
SO-501373,2025-06-27,9,2025-06-27,,C10277,Store,2,USD,Cancelled
SO-501374,2025-06-27,8,2025-06-27,2025-06-30,C10339,Online,1,USD,Completed
SO-501375,2025-06-28,20,2025-06-28,2025-07-02,C10317,Online,5,EUR,Completed
SO-501376,2025-06-28,21,2025-06-28,,C10229,Store,4,USD,Cancelled
SO-501377,2025-06-28,16,2025-06-28,2025-07-01,C10303,Store,5,EUR,Completed
SO-501378,2025-06-28,18,2025-06-28,2025-07-01,C10191,Store,4,USD,Completed
SO-501379,2025-06-28,22,2025-06-28,,C10137,Online,4,USD,Cancelled
SO-501380,2025-06-28,22,2025-06-28,2025-07-01,C10276,Store,1,USD,Completed
SO-501381,2025-06-28,14,2025-06-28,2025-07-02,C10081,Online,4,USD,Completed
SO-501382,2025-06-28,18,2025-06-28,,C10134,Store,4,USD,Cancelled
SO-501383,2025-06-28,11,2025-06-28,2025-06-30,C10225,Store,5,EUR,Completed
SO-501384,2025-06-28,20,2025-06-28,2025-06-29,C10250,Store,4,USD,Completed
SO-501385,2025-06-28,15,2025-06-28,2025-06-29,C10121,Store,4,USD,Completed
SO-501386,2025-06-28,17,2025-06-28,2025-06-30,C10144,Online,4,USD,Completed
SO-501387,2025-06-28,21,2025-06-28,2025-07-02,C10370,Online,1,USD,Completed
SO-501388,2025-06-28,12,2025-06-28,2025-07-01,C10251,Online,3,USD,Completed
SO-501389,2025-06-29,13,2025-06-29,2025-07-02,C10034,Store,1,USD,Completed
SO-501390,2025-06-29,18,2025-06-29,2025-07-02,C10322,Store,3,USD,Completed
SO-501391,2025-06-29,18,2025-06-29,2025-07-02,C10206,Store,1,USD,Completed
SO-501392,2025-06-29,14,2025-06-29,2025-07-03,C10090,Store,3,USD,Completed
SO-501393,2025-06-29,12,2025-06-29,2025-07-02,C10267,Store,1,USD,Completed
SO-501394,2025-06-29,9,2025-06-29,2025-07-04,C10255,Wholesale,3,USD,Completed
SO-501395,2025-06-29,9,2025-06-29,2025-06-30,C10269,Store,2,USD,Completed
SO-501396,2025-06-29,15,2025-06-29,2025-07-03,C10128,Store,3,USD,Completed
SO-501397,2025-06-29,17,2025-06-29,2025-07-01,C10396,Store,2,USD,Completed
SO-501398,2025-06-29,8,2025-06-29,2025-06-30,C10179,Store,3,USD,Completed
SO-501399,2025-06-29,19,2025-06-29,2025-07-02,C10283,Online,4,USD,Completed
SO-501400,2025-06-29,21,2025-06-29,2025-06-30,C10231,Online,3,USD,Completed
SO-501401,2025-06-29,10,2025-06-29,2025-07-01,C10084,Online,3,USD,Completed
SO-501402,2025-06-30,22,2025-07-01,2025-07-03,C10279,Online,3,USD,Completed
SO-501403,2025-06-30,12,2025-06-30,2025-07-02,C10323,Store,2,USD,Completed
SO-501404,2025-06-30,20,2025-07-01,2025-07-03,C10321,Online,1,USD,Completed
SO-501405,2025-06-30,14,2025-06-30,2025-07-04,C10119,Store,1,USD,Completed
SO-501406,2025-06-30,8,2025-06-30,2025-07-04,C10078,Store,2,USD,Completed
SO-501407,2025-06-30,19,2025-07-01,2025-07-02,C10325,Online,1,USD,Completed
SO-501408,2025-06-30,10,2025-06-30,2025-07-02,C10125,Store,3,USD,Completed
SO-501409,2025-06-30,8,2025-06-30,2025-07-03,C10163,Store,3,USD,Completed
SO-501410,2025-06-30,12,2025-06-30,,C10082,Store,1,USD,Cancelled
SO-501411,2025-06-30,16,2025-06-30,2025-07-03,C10178,Online,4,USD,Completed
SO-501412,2025-06-30,17,2025-06-30,2025-07-02,C10143,Store,1,USD,Completed
SO-501413,2025-07-01,17,2025-07-01,2025-07-02,C10313,Online,4,USD,Completed
SO-501414,2025-07-01,11,2025-07-01,2025-07-05,C10395,Store,1,USD,Completed
SO-501415,2025-07-01,15,2025-07-01,2025-07-03,C10071,Online,2,USD,Completed
SO-501416,2025-07-01,9,2025-07-01,2025-07-02,C10236,Marketplace,3,USD,Completed
SO-501417,2025-07-01,13,2025-07-01,2025-07-05,C10106,Store,3,USD,Completed
SO-501418,2025-07-01,8,2025-07-01,2025-07-04,C10399,Online,2,USD,Completed
SO-501419,2025-07-01,18,2025-07-01,2025-07-04,C10304,Online,2,USD,Completed
SO-501420,2025-07-01,8,2025-07-01,2025-07-02,C10266,Store,3,USD,Completed
SO-501421,2025-07-01,14,2025-07-01,2025-07-02,C10046,Online,1,USD,Completed
SO-501422,2025-07-02,11,2025-07-02,2025-07-05,C10106,Online,3,USD,Completed
SO-501423,2025-07-02,20,2025-07-02,2025-07-06,C10419,Online,2,USD,Completed
SO-501424,2025-07-02,9,2025-07-02,2025-07-04,C10140,Online,3,USD,Completed
SO-501425,2025-07-02,13,2025-07-02,2025-07-05,C10367,Store,5,EUR,Completed
SO-501426,2025-07-02,20,2025-07-02,2025-07-06,C10108,Store,1,USD,Completed
SO-501427,2025-07-02,12,2025-07-02,2025-07-06,C10008,Store,3,USD,Completed
SO-501428,2025-07-02,18,2025-07-02,2025-07-06,C10371,Online,3,USD,Completed
SO-501429,2025-07-02,13,2025-07-02,2025-07-06,C10263,Online,1,USD,Completed
SO-501430,2025-07-02,11,2025-07-02,2025-07-05,C10090,Online,3,USD,Completed
SO-501431,2025-07-02,20,2025-07-02,2025-07-04,C10024,Store,3,USD,Completed
SO-501432,2025-07-02,10,2025-07-02,2025-07-03,C10185,Store,1,USD,Completed
SO-501433,2025-07-03,16,2025-07-03,2025-07-05,C10149,Store,1,USD,Completed
SO-501434,2025-07-03,16,2025-07-03,2025-07-04,C10277,Store,1,USD,Completed
SO-501435,2025-07-03,19,2025-07-03,2025-07-04,C10319,Online,2,USD,Completed
SO-501436,2025-07-03,16,2025-07-03,2025-07-04,C10233,Store,1,USD,Completed
SO-501437,2025-07-03,12,2025-07-03,2025-07-05,C10263,Online,1,USD,Completed
SO-501438,2025-07-03,16,2025-07-03,2025-07-06,C10353,Store,3,USD,Completed
SO-501439,2025-07-03,17,2025-07-03,2025-07-05,C10042,Online,3,USD,Completed
SO-501440,2025-07-03,19,2025-07-03,2025-07-07,C10297,Online,2,USD,Completed
SO-501441,2025-07-03,14,2025-07-03,2025-07-04,C10206,Online,1,USD,Completed
SO-501442,2025-07-03,12,2025-07-03,2025-07-07,C10100,Online,4,USD,Completed
SO-501443,2025-07-04,18,2025-07-04,2025-07-07,C10194,Online,5,EUR,Completed
SO-501444,2025-07-04,15,2025-07-04,2025-07-08,C10376,Store,1,USD,Completed
SO-501445,2025-07-04,15,2025-07-04,2025-07-06,C10348,Online,2,USD,Completed
SO-501446,2025-07-04,19,2025-07-04,2025-07-07,C10063,Online,3,USD,Completed
SO-501447,2025-07-04,16,2025-07-04,2025-07-06,C10143,Online,1,USD,Completed
SO-501448,2025-07-04,22,2025-07-04,2025-07-05,C10235,Store,4,USD,Completed
SO-501449,2025-07-04,12,2025-07-04,2025-07-06,C10153,Store,1,USD,Completed
SO-501450,2025-07-04,14,2025-07-04,2025-07-06,C10231,Online,3,USD,Completed
SO-501451,2025-07-04,13,2025-07-04,2025-07-08,C10022,Online,5,EUR,Completed
SO-501452,2025-07-04,10,2025-07-04,2025-07-05,C10275,Online,2,USD,Completed
SO-501453,2025-07-04,19,2025-07-04,2025-07-06,C10307,Online,1,USD,Completed
SO-501454,2025-07-04,12,2025-07-04,2025-07-08,C10171,Wholesale,2,USD,Completed
SO-501455,2025-07-05,12,2025-07-05,2025-07-07,C10077,Wholesale,4,USD,Completed
SO-501456,2025-07-05,10,2025-07-05,2025-07-06,C10348,Online,1,USD,Completed
SO-501457,2025-07-05,17,2025-07-05,2025-07-06,C10222,Store,2,USD,Completed
SO-501458,2025-07-05,14,2025-07-05,2025-07-07,C10396,Online,1,USD,Completed
SO-501459,2025-07-05,12,2025-07-05,2025-07-09,C10016,Store,1,USD,Completed
SO-501460,2025-07-05,12,2025-07-05,2025-07-08,C10358,Store,3,USD,Completed
SO-501461,2025-07-05,14,2025-07-05,2025-07-07,C10010,Online,2,USD,Completed
SO-501462,2025-07-05,22,2025-07-05,2025-07-06,C10139,Online,1,USD,Completed
SO-501463,2025-07-05,20,2025-07-05,2025-07-06,C10122,Marketplace,3,USD,Completed
SO-501464,2025-07-05,16,2025-07-05,2025-07-09,C10010,Marketplace,2,USD,Completed
SO-501465,2025-07-05,14,2025-07-05,2025-07-06,C10191,Store,1,USD,Completed
SO-501466,2025-07-05,18,2025-07-05,,C10075,Online,1,USD,Cancelled
SO-501467,2025-07-05,12,2025-07-05,2025-07-06,C10113,Store,3,USD,Completed
SO-501468,2025-07-05,14,2025-07-05,2025-07-06,C10151,Online,4,USD,Completed
SO-501469,2025-07-06,16,2025-07-06,2025-07-07,C10240,Online,1,USD,Completed
SO-501470,2025-07-06,15,2025-07-06,2025-07-08,C10288,Online,1,USD,Completed
SO-501471,2025-07-06,10,2025-07-06,2025-07-07,C10141,Online,1,USD,Completed
SO-501472,2025-07-06,15,2025-07-06,2025-07-08,C10259,Store,4,USD,Completed
SO-501473,2025-07-06,12,2025-07-06,,C10197,Store,3,USD,Cancelled
SO-501474,2025-07-06,18,2025-07-06,2025-07-07,C10382,Store,5,EUR,Completed
SO-501475,2025-07-06,16,2025-07-06,2025-07-08,C10077,Wholesale,4,USD,Completed
SO-501476,2025-07-06,13,2025-07-06,2025-07-10,C10085,Online,1,USD,Completed
SO-501477,2025-07-06,9,2025-07-06,2025-07-08,C10153,Online,1,USD,Completed
SO-501478,2025-07-06,13,2025-07-06,2025-07-09,C10362,Online,2,USD,Completed
SO-501479,2025-07-06,20,2025-07-06,2025-07-08,C10014,Store,3,USD,Completed
SO-501480,2025-07-07,14,2025-07-07,2025-07-11,C10395,Marketplace,4,USD,Completed
SO-501481,2025-07-07,16,2025-07-07,2025-07-11,C10062,Store,2,USD,Completed
SO-501482,2025-07-07,8,2025-07-07,2025-07-10,C10129,Online,4,USD,Completed
SO-501483,2025-07-07,21,2025-07-07,2025-07-09,C10217,Online,3,USD,Completed
SO-501484,2025-07-07,21,2025-07-07,2025-07-10,C10206,Online,1,USD,Completed
SO-501485,2025-07-07,14,2025-07-07,2025-07-11,C10407,Store,4,USD,Completed
SO-501486,2025-07-07,22,2025-07-07,2025-07-08,C10020,Online,1,USD,Completed
SO-501487,2025-07-07,21,2025-07-07,2025-07-11,C10259,Store,4,USD,Completed
SO-501488,2025-07-07,15,2025-07-07,2025-07-09,C10148,Store,5,EUR,Completed
SO-501489,2025-07-07,11,2025-07-07,2025-07-11,C10119,Online,1,USD,Completed
SO-501490,2025-07-08,10,2025-07-08,2025-07-11,C10145,Online,1,USD,Completed
SO-501491,2025-07-08,13,2025-07-08,2025-07-12,C10217,Online,3,USD,Completed
SO-501492,2025-07-08,18,2025-07-08,2025-07-12,C10396,Store,1,USD,Completed
SO-501493,2025-07-08,20,2025-07-08,2025-07-09,C10285,Online,2,USD,Completed
SO-501494,2025-07-08,16,2025-07-08,2025-07-09,C10360,Online,1,USD,Completed
SO-501495,2025-07-08,11,2025-07-08,2025-07-12,C10323,Store,4,USD,Completed
SO-501496,2025-07-08,10,2025-07-08,2025-07-11,C10386,Marketplace,1,USD,Completed
SO-501497,2025-07-08,10,2025-07-08,2025-07-12,C10240,Marketplace,1,USD,Completed
SO-501498,2025-07-08,18,2025-07-08,2025-07-10,C10014,Wholesale,3,USD,Completed
SO-501499,2025-07-08,22,2025-07-08,2025-07-11,C10036,Marketplace,2,USD,Completed
SO-501500,2025-07-09,13,2025-07-09,2025-07-10,C10161,Online,1,USD,Completed
SO-501501,2025-07-09,17,2025-07-09,2025-07-13,C10177,Marketplace,1,USD,Completed
SO-501502,2025-07-09,22,2025-07-09,2025-07-11,C10058,Online,2,USD,Completed
SO-501503,2025-07-09,19,2025-07-09,2025-07-11,C10309,Online,4,USD,Completed
SO-501504,2025-07-09,21,2025-07-09,2025-07-13,C10324,Online,2,USD,Completed
SO-501505,2025-07-09,19,2025-07-09,2025-07-13,C10356,Store,3,USD,Completed
SO-501506,2025-07-09,10,2025-07-09,2025-07-12,C10188,Online,4,USD,Completed
SO-501507,2025-07-09,18,2025-07-09,2025-07-10,C10077,Wholesale,4,USD,Completed
SO-501508,2025-07-09,13,2025-07-09,2025-07-13,C10295,Store,5,EUR,Completed
SO-501509,2025-07-09,11,2025-07-09,2025-07-11,C10041,Wholesale,4,USD,Completed
SO-501510,2025-07-09,21,2025-07-09,2025-07-10,C10410,Store,3,USD,Completed
SO-501511,2025-07-10,22,2025-07-10,2025-07-11,C10259,Online,4,USD,Completed
SO-501512,2025-07-10,8,2025-07-10,2025-07-13,C10404,Online,2,USD,Completed
SO-501513,2025-07-10,19,2025-07-10,2025-07-13,C10143,Store,1,USD,Completed
SO-501514,2025-07-10,14,2025-07-10,2025-07-13,C10392,Marketplace,5,EUR,Completed
SO-501515,2025-07-10,14,2025-07-10,2025-07-13,C10204,Store,3,USD,Completed
SO-501516,2025-07-10,20,2025-07-10,2025-07-12,C10042,Online,3,USD,Completed
SO-501517,2025-07-10,11,2025-07-10,2025-07-12,C10384,Online,1,USD,Completed
SO-501518,2025-07-10,17,2025-07-10,2025-07-13,C10051,Store,3,USD,Completed
SO-501519,2025-07-10,18,2025-07-10,2025-07-12,C10103,Online,5,EUR,Completed
SO-501520,2025-07-11,11,2025-07-11,2025-07-13,C10202,Store,4,USD,Completed
SO-501521,2025-07-11,20,2025-07-11,2025-07-12,C10197,Marketplace,3,USD,Completed
SO-501522,2025-07-11,10,2025-07-11,2025-07-14,C10113,Store,3,USD,Completed
SO-501523,2025-07-11,22,2025-07-11,2025-07-13,C10376,Store,1,USD,Completed
SO-501524,2025-07-11,19,2025-07-11,2025-07-14,C10075,Store,3,USD,Completed
SO-501525,2025-07-11,18,2025-07-11,2025-07-15,C10277,Marketplace,2,USD,Completed
SO-501526,2025-07-11,15,2025-07-11,2025-07-15,C10259,Marketplace,4,USD,Completed
SO-501527,2025-07-11,19,2025-07-11,2025-07-12,C10036,Online,2,USD,Completed
SO-501528,2025-07-11,10,2025-07-11,2025-07-15,C10093,Store,4,USD,Completed
SO-501529,2025-07-12,9,2025-07-12,2025-07-15,C10348,Store,1,USD,Completed
SO-501530,2025-07-12,9,2025-07-12,2025-07-15,C10217,Wholesale,3,USD,Completed
SO-501531,2025-07-12,15,2025-07-12,2025-07-13,C10387,Online,2,USD,Completed
SO-501532,2025-07-12,17,2025-07-12,2025-07-13,C10354,Wholesale,3,USD,Completed
SO-501533,2025-07-12,11,2025-07-12,2025-07-15,C10376,Store,1,USD,Completed
SO-501534,2025-07-12,20,2025-07-12,2025-07-16,C10174,Store,5,EUR,Completed
SO-501535,2025-07-12,16,2025-07-12,2025-07-14,C10210,Store,2,USD,Completed
SO-501536,2025-07-12,18,2025-07-12,2025-07-13,C10352,Store,1,USD,Completed
SO-501537,2025-07-12,13,2025-07-12,2025-07-16,C10297,Store,2,USD,Completed
SO-501538,2025-07-12,20,2025-07-12,2025-07-13,C10314,Store,3,USD,Completed
SO-501539,2025-07-12,18,2025-07-12,2025-07-14,C10302,Online,2,USD,Completed
SO-501540,2025-07-12,14,2025-07-12,2025-07-16,C10095,Marketplace,4,USD,Completed
SO-501541,2025-07-13,21,2025-07-13,2025-07-16,C10382,Store,5,EUR,Completed
SO-501542,2025-07-13,14,2025-07-13,2025-07-15,C10259,Online,4,USD,Completed
SO-501543,2025-07-13,13,2025-07-13,2025-07-15,C10034,Online,1,USD,Completed
SO-501544,2025-07-13,12,2025-07-13,,C10107,Online,1,USD,Cancelled
SO-501545,2025-07-13,21,2025-07-13,2025-07-15,C10177,Store,1,USD,Completed
SO-501546,2025-07-13,10,2025-07-13,2025-07-15,C10329,Online,3,USD,Completed
SO-501547,2025-07-13,16,2025-07-13,2025-07-14,C10310,Store,5,EUR,Completed
SO-501548,2025-07-13,22,2025-07-13,2025-07-15,C10279,Online,3,USD,Completed
SO-501549,2025-07-13,20,2025-07-13,2025-07-16,C10157,Store,4,USD,Completed
SO-501550,2025-07-13,19,2025-07-13,2025-07-17,C10151,Online,4,USD,Completed
SO-501551,2025-07-13,15,2025-07-13,2025-07-15,C10132,Marketplace,4,USD,Completed
SO-501552,2025-07-13,9,2025-07-13,2025-07-15,C10387,Store,1,USD,Completed
SO-501553,2025-07-13,16,2025-07-13,2025-07-16,C10025,Online,2,USD,Completed
SO-501554,2025-07-14,22,2025-07-14,2025-07-15,C10188,Store,4,USD,Completed
SO-501555,2025-07-14,10,2025-07-14,2025-07-16,C10413,Online,5,EUR,Completed
SO-501556,2025-07-14,15,2025-07-14,2025-07-17,C10259,Online,4,USD,Completed
SO-501557,2025-07-14,14,2025-07-14,2025-07-17,C10215,Store,2,USD,Completed
SO-501558,2025-07-14,17,2025-07-14,2025-07-18,C10231,Store,3,USD,Completed
SO-501559,2025-07-14,22,2025-07-14,2025-07-16,C10141,Store,1,USD,Completed
SO-501560,2025-07-14,20,2025-07-14,2025-07-16,C10093,Online,1,USD,Completed
SO-501561,2025-07-14,16,2025-07-14,2025-07-18,C10238,Store,5,EUR,Completed
SO-501562,2025-07-14,19,2025-07-14,2025-07-15,C10070,Online,5,EUR,Completed
SO-501563,2025-07-15,17,2025-07-15,2025-07-17,C10012,Marketplace,1,USD,Completed
SO-501564,2025-07-15,18,2025-07-15,2025-07-17,C10042,Store,3,USD,Completed
SO-501565,2025-07-15,15,2025-07-15,2025-07-18,C10153,Wholesale,1,USD,Completed
SO-501566,2025-07-15,18,2025-07-15,,C10158,Online,4,USD,Cancelled
SO-501567,2025-07-15,22,2025-07-15,,C10237,Store,5,EUR,Cancelled
SO-501568,2025-07-15,20,2025-07-15,2025-07-16,C10348,Online,1,USD,Completed
SO-501569,2025-07-15,13,2025-07-15,2025-07-16,C10103,Online,5,EUR,Completed
SO-501570,2025-07-15,13,2025-07-15,2025-07-19,C10296,Store,5,EUR,Completed
SO-501571,2025-07-15,11,2025-07-15,2025-07-16,C10011,Store,4,USD,Completed
SO-501572,2025-07-15,10,2025-07-15,2025-07-16,C10073,Online,1,USD,Completed
SO-501573,2025-07-15,10,2025-07-15,2025-07-17,C10289,Marketplace,4,USD,Completed
SO-501574,2025-07-16,9,2025-07-16,2025-07-20,C10260,Store,1,USD,Completed
SO-501575,2025-07-16,15,2025-07-16,2025-07-19,C10028,Store,3,USD,Completed
SO-501576,2025-07-16,16,2025-07-16,2025-07-19,C10222,Wholesale,2,USD,Completed
SO-501577,2025-07-16,8,2025-07-16,2025-07-20,C10085,Online,1,USD,Completed
SO-501578,2025-07-16,15,2025-07-16,2025-07-17,C10359,Staff,1,USD,Completed
SO-501579,2025-07-16,10,2025-07-16,2025-07-19,C10178,Online,2,USD,Completed
SO-501580,2025-07-16,19,2025-07-16,2025-07-18,C10106,Online,3,USD,Completed
SO-501581,2025-07-16,13,2025-07-16,2025-07-20,C10061,Online,3,USD,Completed
SO-501582,2025-07-17,9,2025-07-17,2025-07-20,C10307,Online,1,USD,Completed
SO-501583,2025-07-17,19,2025-07-17,2025-07-18,C10252,Online,3,USD,Completed
SO-501584,2025-07-17,18,2025-07-17,2025-07-21,C10345,Wholesale,2,USD,Completed
SO-501585,2025-07-17,21,2025-07-17,2025-07-18,C10100,Store,4,USD,Completed
SO-501586,2025-07-17,18,2025-07-17,2025-07-21,C10416,Store,2,USD,Completed
SO-501587,2025-07-17,12,2025-07-17,2025-07-21,C10241,Online,1,USD,Completed
SO-501588,2025-07-17,22,2025-07-17,2025-07-20,C10059,Online,1,USD,Completed
SO-501589,2025-07-17,22,2025-07-17,2025-07-20,C10302,Online,2,USD,Completed
SO-501590,2025-07-18,22,2025-07-18,2025-07-22,C10026,Marketplace,2,USD,Completed
SO-501591,2025-07-18,17,2025-07-18,2025-07-20,C10040,Store,1,USD,Completed
SO-501592,2025-07-18,21,2025-07-18,2025-07-19,C10159,Store,4,USD,Completed
SO-501593,2025-07-18,14,2025-07-18,2025-07-22,C10148,Online,5,EUR,Completed
SO-501594,2025-07-18,10,2025-07-18,2025-07-21,C10273,Online,3,USD,Completed
SO-501595,2025-07-18,12,2025-07-18,2025-07-21,C10177,Store,1,USD,Completed
SO-501596,2025-07-18,18,2025-07-18,2025-07-19,C10243,Online,3,USD,Completed
SO-501597,2025-07-18,10,2025-07-18,2025-07-21,C10354,Staff,3,USD,Completed
SO-501598,2025-07-18,16,2025-07-18,2025-07-21,C10388,Online,3,USD,Completed
SO-501599,2025-07-19,12,2025-07-19,2025-07-23,C10396,Store,1,USD,Completed
SO-501600,2025-07-19,21,2025-07-19,2025-07-23,C10075,Online,2,USD,Completed
SO-501601,2025-07-19,13,2025-07-19,2025-07-20,C10173,Store,1,USD,Completed
SO-501602,2025-07-19,8,2025-07-19,2025-07-22,C10285,Online,3,USD,Completed
SO-501603,2025-07-19,12,2025-07-19,2025-07-22,C10056,Online,2,USD,Completed
SO-501604,2025-07-19,15,2025-07-19,2025-07-23,C10191,Online,1,USD,Completed
SO-501605,2025-07-19,16,2025-07-19,2025-07-23,C10122,Store,2,USD,Completed
SO-501606,2025-07-19,22,2025-07-19,2025-07-23,C10247,Marketplace,5,EUR,Completed
SO-501607,2025-07-19,9,2025-07-19,2025-07-23,C10143,Store,1,USD,Completed
SO-501608,2025-07-19,10,2025-07-19,2025-07-20,C10408,Store,2,USD,Completed
SO-501609,2025-07-19,18,2025-07-19,2025-07-21,C10059,Staff,3,USD,Completed
SO-501610,2025-07-19,15,2025-07-19,2025-07-21,C10402,Online,4,USD,Completed
SO-501611,2025-07-19,19,2025-07-19,2025-07-22,C10026,Store,2,USD,Completed
SO-501612,2025-07-20,16,2025-07-20,2025-07-24,C10418,Online,1,USD,Completed
SO-501613,2025-07-20,12,2025-07-20,2025-07-24,C10042,Online,3,USD,Completed
SO-501614,2025-07-20,21,2025-07-20,2025-07-24,C10106,Online,3,USD,Completed
SO-501615,2025-07-20,20,2025-07-20,2025-07-22,C10327,Store,3,USD,Completed
SO-501616,2025-07-20,19,2025-07-20,2025-07-22,C10216,Online,1,USD,Completed
SO-501617,2025-07-20,9,2025-07-20,2025-07-21,C10415,Store,3,USD,Completed
SO-501618,2025-07-20,17,2025-07-20,2025-07-24,C10012,Online,3,USD,Completed
SO-501619,2025-07-20,9,2025-07-20,2025-07-22,C10113,Wholesale,2,USD,Completed
SO-501620,2025-07-20,22,2025-07-20,2025-07-23,C10009,Marketplace,1,USD,Completed
SO-501621,2025-07-20,18,2025-07-20,2025-07-24,C10396,Online,1,USD,Completed
SO-501622,2025-07-20,19,2025-07-20,2025-07-21,C10281,Marketplace,3,USD,Completed
SO-501623,2025-07-20,14,2025-07-20,2025-07-24,C10261,Marketplace,3,USD,Completed
SO-501624,2025-07-20,15,2025-07-20,2025-07-21,C10115,Store,1,USD,Completed
SO-501625,2025-07-20,8,2025-07-20,2025-07-22,C10381,Online,4,USD,Completed
SO-501626,2025-07-21,12,2025-07-21,2025-07-23,C10042,Online,1,USD,Completed
SO-501627,2025-07-21,16,2025-07-21,2025-07-23,C10272,Store,1,USD,Completed
SO-501628,2025-07-21,8,2025-07-21,2025-07-23,C10284,Online,4,USD,Completed
SO-501629,2025-07-21,8,2025-07-21,2025-07-22,C10402,Online,1,USD,Completed
SO-501630,2025-07-21,20,2025-07-21,2025-07-23,C10308,Online,1,USD,Completed
SO-501631,2025-07-21,13,2025-07-21,2025-07-24,C10100,Store,4,USD,Completed
SO-501632,2025-07-21,19,2025-07-21,2025-07-22,C10011,Online,4,USD,Completed
SO-501633,2025-07-21,16,2025-07-21,2025-07-24,C10420,Online,4,USD,Completed
SO-501634,2025-07-22,13,2025-07-22,2025-07-23,C10349,Store,4,USD,Completed
SO-501635,2025-07-22,8,2025-07-22,2025-07-24,C10285,Marketplace,4,USD,Completed
SO-501636,2025-07-22,17,2025-07-22,2025-07-26,C10323,Store,2,USD,Completed
SO-501637,2025-07-22,8,2025-07-22,2025-07-28,C10259,Wholesale,4,USD,Completed
SO-501638,2025-07-22,18,2025-07-22,2025-07-24,C10348,Staff,1,USD,Completed
SO-501639,2025-07-22,15,2025-07-22,2025-07-24,C10255,Online,3,USD,Completed
SO-501640,2025-07-22,8,2025-07-22,2025-07-25,C10074,Store,1,USD,Completed
SO-501641,2025-07-22,8,2025-07-22,,C10039,Store,5,EUR,Cancelled
SO-501642,2025-07-22,20,2025-07-22,2025-07-24,C10351,Online,2,USD,Completed
SO-501643,2025-07-22,11,2025-07-22,2025-07-25,C10259,Online,3,USD,Completed
SO-501644,2025-07-23,11,2025-07-23,2025-07-27,C10323,Online,2,USD,Completed
SO-501645,2025-07-23,17,2025-07-23,2025-07-25,C10266,Online,3,USD,Completed
SO-501646,2025-07-23,16,2025-07-23,2025-07-24,C10312,Online,3,USD,Completed
SO-501647,2025-07-23,12,2025-07-23,2025-07-25,C10414,Store,5,EUR,Completed
SO-501648,2025-07-23,10,2025-07-23,2025-07-24,C10267,Online,1,USD,Completed
SO-501649,2025-07-23,9,2025-07-23,2025-07-27,C10143,Online,1,USD,Completed
SO-501650,2025-07-23,10,2025-07-23,2025-07-29,C10077,Wholesale,4,USD,Completed
SO-501651,2025-07-23,16,2025-07-23,2025-07-26,C10199,Online,5,EUR,Completed
SO-501652,2025-07-23,21,2025-07-23,2025-07-24,C10113,Online,1,USD,Completed
SO-501653,2025-07-24,11,2025-07-24,2025-07-26,C10373,Store,4,USD,Completed
SO-501654,2025-07-24,13,2025-07-24,2025-07-25,C10238,Online,5,EUR,Completed
SO-501655,2025-07-24,21,2025-07-24,2025-07-28,C10239,Online,2,USD,Completed
SO-501656,2025-07-24,11,2025-07-24,2025-07-25,C10041,Online,4,USD,Completed
SO-501657,2025-07-24,21,2025-07-24,2025-07-25,C10404,Online,2,USD,Completed
SO-501658,2025-07-24,14,2025-07-24,2025-07-28,C10042,Online,3,USD,Completed
SO-501659,2025-07-24,20,2025-07-24,2025-07-28,C10361,Store,3,USD,Completed
SO-501660,2025-07-24,11,2025-07-24,2025-07-28,C10139,Wholesale,1,USD,Completed
SO-501661,2025-07-24,22,2025-07-24,2025-07-25,C10301,Online,1,USD,Completed
SO-501662,2025-07-24,22,2025-07-24,2025-07-26,C10103,Store,5,EUR,Completed
SO-501663,2025-07-25,11,2025-07-25,2025-07-27,C10244,Store,1,USD,Completed
SO-501664,2025-07-25,16,2025-07-25,2025-07-29,C10252,Online,3,USD,Completed
SO-501665,2025-07-25,18,2025-07-25,2025-07-28,C10214,Store,5,EUR,Completed
SO-501666,2025-07-25,12,2025-07-25,2025-07-27,C10042,Online,3,USD,Completed
SO-501667,2025-07-25,12,2025-07-25,2025-07-28,C10201,Online,3,USD,Completed
SO-501668,2025-07-25,9,2025-07-25,2025-07-31,C10113,Wholesale,3,USD,Completed
SO-501669,2025-07-25,20,2025-07-25,2025-07-28,C10079,Online,3,USD,Completed
SO-501670,2025-07-25,21,2025-07-25,2025-07-26,C10310,Store,5,EUR,Completed
SO-501671,2025-07-25,10,2025-07-25,2025-07-29,C10215,Store,2,USD,Completed
SO-501672,2025-07-25,12,2025-07-25,2025-07-27,C10400,Store,1,USD,Completed
SO-501673,2025-07-25,14,2025-07-25,2025-07-28,C10153,Online,1,USD,Completed
SO-501674,2025-07-26,12,2025-07-26,2025-07-30,C10018,Online,1,USD,Completed
SO-501675,2025-07-26,15,2025-07-26,2025-07-30,C10126,Store,5,EUR,Completed
SO-501676,2025-07-26,13,2025-07-26,2025-07-28,C10046,Online,1,USD,Completed
SO-501677,2025-07-26,11,2025-07-26,2025-07-29,C10328,Store,1,USD,Completed
SO-501678,2025-07-26,11,2025-07-26,2025-07-29,C10169,Store,3,USD,Completed
SO-501679,2025-07-26,18,2025-07-26,2025-07-28,C10395,Online,1,USD,Completed
SO-501680,2025-07-26,20,2025-07-26,2025-07-30,C10350,Store,1,USD,Completed
SO-501681,2025-07-26,21,2025-07-26,2025-07-30,C10065,Marketplace,1,USD,Completed
SO-501682,2025-07-26,8,2025-07-26,2025-07-28,C10181,Online,3,USD,Completed
SO-501683,2025-07-26,17,2025-07-26,2025-07-30,C10047,Store,1,USD,Completed
SO-501684,2025-07-26,17,2025-07-26,2025-07-29,C10316,Online,1,USD,Completed
SO-501685,2025-07-27,19,2025-07-27,2025-07-31,C10402,Online,4,USD,Completed
SO-501686,2025-07-27,11,2025-07-27,2025-07-31,C10401,Store,2,USD,Completed
SO-501687,2025-07-27,17,2025-07-27,2025-07-31,C10200,Store,2,USD,Completed
SO-501688,2025-07-27,21,2025-07-27,2025-07-29,C10345,Online,2,USD,Completed
SO-501689,2025-07-27,18,2025-07-27,2025-07-29,C10259,Online,2,USD,Completed
SO-501690,2025-07-27,17,2025-07-27,2025-07-31,C10148,Online,5,EUR,Completed
SO-501691,2025-07-27,19,2025-07-27,2025-07-30,C10135,Store,2,USD,Completed
SO-501692,2025-07-27,21,2025-07-27,2025-07-29,C10205,Store,1,USD,Completed
SO-501693,2025-07-27,20,2025-07-27,2025-07-28,C10148,Store,5,EUR,Completed
SO-501694,2025-07-27,16,2025-07-27,2025-07-29,C10419,Store,2,USD,Completed
SO-501695,2025-07-27,12,2025-07-27,2025-07-29,C10016,Online,1,USD,Completed
SO-501696,2025-07-28,9,2025-07-28,2025-07-31,C10302,Store,3,USD,Completed
SO-501697,2025-07-28,15,2025-07-28,2025-07-31,C10247,Online,5,EUR,Completed
SO-501698,2025-07-28,13,2025-07-28,2025-07-31,C10349,Marketplace,4,USD,Completed
SO-501699,2025-07-28,17,2025-07-28,2025-08-01,C10332,Online,2,USD,Completed
SO-501700,2025-07-28,8,2025-07-28,2025-07-31,C10185,Online,4,USD,Completed
SO-501701,2025-07-28,12,2025-07-28,2025-07-31,C10246,Online,1,USD,Completed
SO-501702,2025-07-28,18,2025-07-28,2025-07-31,C10397,Online,3,USD,Completed
SO-501703,2025-07-28,8,2025-07-28,2025-07-30,C10277,Online,2,USD,Completed
SO-501704,2025-07-28,8,2025-07-28,2025-07-31,C10349,Store,4,USD,Completed
SO-501705,2025-07-28,13,2025-07-28,2025-07-31,C10255,Online,3,USD,Completed
SO-501706,2025-07-28,21,2025-07-28,2025-07-31,C10112,Online,1,USD,Completed
SO-501707,2025-07-29,17,2025-07-29,2025-07-30,C10330,Online,4,USD,Completed
SO-501708,2025-07-29,13,2025-07-29,2025-08-02,C10295,Online,5,EUR,Completed
SO-501709,2025-07-29,9,2025-07-29,2025-08-02,C10218,Online,1,USD,Completed
SO-501710,2025-07-29,20,2025-07-29,2025-08-02,C10043,Marketplace,5,EUR,Completed
SO-501711,2025-07-29,21,2025-07-29,2025-07-30,C10144,Store,4,USD,Completed
SO-501712,2025-07-29,12,2025-07-29,2025-07-31,C10396,Store,1,USD,Completed
SO-501713,2025-07-29,10,2025-07-29,2025-08-02,C10242,Online,1,USD,Completed
SO-501714,2025-07-29,21,2025-07-29,2025-08-01,C10394,Online,5,EUR,Completed
SO-501715,2025-07-29,10,2025-07-29,2025-08-02,C10359,Store,1,USD,Completed
SO-501716,2025-07-29,22,2025-07-29,2025-07-31,C10095,Online,4,USD,Completed
SO-501717,2025-07-29,15,2025-07-29,2025-08-02,C10381,Online,4,USD,Completed
SO-501718,2025-07-29,11,2025-07-29,2025-08-02,C10220,Store,1,USD,Completed
SO-501719,2025-07-30,8,2025-07-30,2025-08-06,C10077,Wholesale,4,USD,Completed
SO-501720,2025-07-30,13,2025-07-30,2025-07-31,C10373,Online,3,USD,Completed
SO-501721,2025-07-30,8,2025-07-30,2025-07-31,C10323,Online,2,USD,Completed
SO-501722,2025-07-30,8,2025-07-30,2025-08-02,C10070,Online,5,EUR,Completed
SO-501723,2025-07-30,18,2025-07-30,2025-08-02,C10077,Wholesale,4,USD,Completed
SO-501724,2025-07-30,16,2025-07-30,2025-08-02,C10266,Store,3,USD,Completed
SO-501725,2025-07-30,11,2025-07-30,2025-07-31,C10396,Online,1,USD,Completed
SO-501726,2025-07-30,17,2025-07-30,2025-08-01,C10051,Online,3,USD,Completed
SO-501727,2025-07-30,13,2025-07-30,2025-08-05,C10077,Wholesale,4,USD,Completed
SO-501728,2025-07-30,16,2025-07-30,2025-08-03,C10420,Store,4,USD,Completed
SO-501729,2025-07-30,14,2025-07-30,2025-08-05,C10414,Wholesale,5,EUR,Completed
SO-501730,2025-07-30,20,2025-07-30,2025-08-01,C10148,Wholesale,5,EUR,Completed
SO-501731,2025-07-31,20,2025-08-01,2025-08-03,C10376,Online,1,USD,Completed
SO-501732,2025-07-31,19,2025-08-01,2025-08-02,C10350,Online,1,USD,Completed
SO-501733,2025-07-31,22,2025-08-01,2025-08-03,C10348,Staff,3,USD,Completed
SO-501734,2025-07-31,15,2025-07-31,2025-08-03,C10409,Online,4,USD,Completed
SO-501735,2025-07-31,8,2025-07-31,2025-08-04,C10383,Marketplace,3,USD,Completed
SO-501736,2025-07-31,14,2025-07-31,2025-08-03,C10205,Marketplace,1,USD,Completed
SO-501737,2025-07-31,20,2025-08-01,2025-08-03,C10168,Store,1,USD,Completed
SO-501738,2025-07-31,18,2025-08-01,2025-08-03,C10002,Online,3,USD,Completed
SO-501739,2025-07-31,18,2025-08-01,2025-08-01,C10385,Online,1,USD,Completed
SO-501740,2025-08-01,8,2025-08-01,2025-08-02,C10046,Online,1,USD,Completed
SO-501741,2025-08-01,18,2025-08-01,2025-08-03,C10261,Online,3,USD,Completed
SO-501742,2025-08-01,20,2025-08-01,2025-08-04,C10173,Marketplace,2,USD,Completed
SO-501743,2025-08-01,18,2025-08-01,2025-08-05,C10352,Wholesale,1,USD,Completed
SO-501744,2025-08-01,19,2025-08-01,2025-08-02,C10276,Online,2,USD,Completed
SO-501745,2025-08-01,20,2025-08-01,2025-08-05,C10127,Online,3,USD,Completed
SO-501746,2025-08-01,21,2025-08-01,2025-08-04,C10320,Online,1,USD,Completed
SO-501747,2025-08-01,15,2025-08-01,2025-08-04,C10323,Online,2,USD,Completed
SO-501748,2025-08-02,22,2025-08-02,2025-08-05,C10383,Online,1,USD,Completed
SO-501749,2025-08-02,10,2025-08-02,2025-08-04,C10095,Online,4,USD,Completed
SO-501750,2025-08-02,17,2025-08-02,2025-08-03,C10396,Online,1,USD,Completed
SO-501751,2025-08-02,20,2025-08-02,2025-08-05,C10149,Online,4,USD,Completed
SO-501752,2025-08-02,8,2025-08-02,2025-08-04,C10153,Store,1,USD,Completed
SO-501753,2025-08-02,22,2025-08-02,2025-08-06,C10144,Marketplace,4,USD,Completed
SO-501754,2025-08-02,16,2025-08-02,2025-08-03,C10277,Online,2,USD,Completed
SO-501755,2025-08-02,15,2025-08-02,2025-08-06,C10181,Marketplace,3,USD,Completed
SO-501756,2025-08-02,12,2025-08-02,2025-08-04,C10328,Online,1,USD,Completed
SO-501757,2025-08-02,19,2025-08-02,2025-08-06,C10130,Store,1,USD,Completed
SO-501758,2025-08-03,19,2025-08-03,2025-08-04,C10055,Marketplace,5,EUR,Completed
SO-501759,2025-08-03,13,2025-08-03,2025-08-06,C10322,Marketplace,3,USD,Completed
SO-501760,2025-08-03,20,2025-08-03,2025-08-06,C10389,Online,1,USD,Completed
SO-501761,2025-08-03,18,2025-08-03,2025-08-04,C10411,Store,2,USD,Completed
SO-501762,2025-08-03,9,2025-08-03,2025-08-04,C10318,Store,2,USD,Completed
SO-501763,2025-08-03,10,2025-08-03,2025-08-04,C10383,Store,1,USD,Completed
SO-501764,2025-08-03,21,2025-08-03,,C10113,Store,1,USD,Cancelled
SO-501765,2025-08-03,16,2025-08-03,2025-08-06,C10105,Online,3,USD,Completed
SO-501766,2025-08-03,16,2025-08-03,2025-08-04,C10259,Store,4,USD,Completed
SO-501767,2025-08-04,17,2025-08-04,2025-08-08,C10022,Online,5,EUR,Completed
SO-501768,2025-08-04,20,2025-08-04,2025-08-06,C10380,Online,2,USD,Completed
SO-501769,2025-08-04,12,2025-08-04,2025-08-05,C10085,Online,1,USD,Completed
SO-501770,2025-08-04,8,2025-08-04,2025-08-05,C10074,Marketplace,1,USD,Completed
SO-501771,2025-08-04,21,2025-08-04,2025-08-05,C10299,Store,2,USD,Completed
SO-501772,2025-08-04,10,2025-08-04,2025-08-05,C10024,Online,3,USD,Completed
SO-501773,2025-08-04,18,2025-08-04,2025-08-06,C10357,Marketplace,1,USD,Completed
SO-501774,2025-08-04,20,2025-08-04,2025-08-06,C10165,Online,5,EUR,Completed
SO-501775,2025-08-04,21,2025-08-04,2025-08-07,C10102,Store,1,USD,Completed
SO-501776,2025-08-04,22,2025-08-04,2025-08-08,C10248,Marketplace,1,USD,Completed
SO-501777,2025-08-05,17,2025-08-05,2025-08-07,C10131,Store,2,USD,Completed
SO-501778,2025-08-05,9,2025-08-05,2025-08-07,C10079,Online,3,USD,Completed
SO-501779,2025-08-05,22,2025-08-05,2025-08-08,C10113,Store,3,USD,Completed
SO-501780,2025-08-05,21,2025-08-05,2025-08-08,C10248,Marketplace,1,USD,Completed
SO-501781,2025-08-05,10,2025-08-05,2025-08-07,C10376,Marketplace,1,USD,Completed
SO-501782,2025-08-05,19,2025-08-05,2025-08-07,C10079,Store,3,USD,Completed
SO-501783,2025-08-05,11,2025-08-05,2025-08-09,C10088,Online,3,USD,Completed
SO-501784,2025-08-05,18,2025-08-05,2025-08-07,C10380,Marketplace,2,USD,Completed
SO-501785,2025-08-05,19,2025-08-05,2025-08-09,C10313,Online,1,USD,Completed
SO-501786,2025-08-05,19,2025-08-05,2025-08-06,C10248,Store,1,USD,Completed
SO-501787,2025-08-05,8,2025-08-05,2025-08-07,C10297,Marketplace,2,USD,Completed
SO-501788,2025-08-06,16,2025-08-06,2025-08-08,C10279,Online,3,USD,Completed
SO-501789,2025-08-06,10,2025-08-06,2025-08-08,C10148,Online,5,EUR,Completed
SO-501790,2025-08-06,12,2025-08-06,2025-08-10,C10143,Store,4,USD,Completed
SO-501791,2025-08-06,12,2025-08-06,2025-08-10,C10323,Store,2,USD,Completed
SO-501792,2025-08-06,9,2025-08-06,2025-08-10,C10404,Online,2,USD,Completed
SO-501793,2025-08-06,20,2025-08-06,2025-08-08,C10115,Store,1,USD,Completed
SO-501794,2025-08-06,17,2025-08-06,2025-08-08,C10081,Online,3,USD,Completed
SO-501795,2025-08-06,8,2025-08-06,2025-08-08,C10215,Store,2,USD,Completed
SO-501796,2025-08-06,9,2025-08-06,2025-08-09,C10325,Store,2,USD,Completed
SO-501797,2025-08-07,19,2025-08-07,2025-08-11,C10414,Store,5,EUR,Completed
SO-501798,2025-08-07,18,2025-08-07,2025-08-08,C10259,Marketplace,4,USD,Completed
SO-501799,2025-08-07,20,2025-08-07,2025-08-10,C10036,Marketplace,2,USD,Completed
SO-501800,2025-08-07,20,2025-08-07,2025-08-10,C10362,Online,2,USD,Completed
SO-501801,2025-08-07,20,2025-08-07,2025-08-10,C10195,Online,3,USD,Completed
SO-501802,2025-08-07,10,2025-08-07,2025-08-10,C10323,Marketplace,2,USD,Completed
SO-501803,2025-08-07,18,2025-08-07,2025-08-10,C10379,Online,2,USD,Completed
SO-501804,2025-08-07,11,2025-08-07,2025-08-11,C10348,Online,1,USD,Completed
SO-501805,2025-08-07,20,2025-08-07,2025-08-08,C10326,Store,2,USD,Completed
SO-501806,2025-08-07,18,2025-08-07,2025-08-08,C10333,Store,1,USD,Completed
SO-501807,2025-08-08,11,2025-08-08,2025-08-10,C10396,Store,1,USD,Completed
SO-501808,2025-08-08,16,2025-08-08,2025-08-10,C10291,Store,1,USD,Completed
SO-501809,2025-08-08,8,2025-08-08,2025-08-11,C10295,Wholesale,5,EUR,Completed
SO-501810,2025-08-08,18,2025-08-08,2025-08-10,C10134,Online,4,USD,Completed
SO-501811,2025-08-08,17,2025-08-08,2025-08-12,C10313,Store,1,USD,Completed
SO-501812,2025-08-08,10,2025-08-08,2025-08-10,C10051,Store,3,USD,Completed
SO-501813,2025-08-08,20,2025-08-08,2025-08-09,C10187,Online,2,USD,Completed
SO-501814,2025-08-08,17,2025-08-08,2025-08-12,C10001,Store,5,EUR,Completed
SO-501815,2025-08-08,11,2025-08-08,2025-08-09,C10303,Online,5,EUR,Completed
SO-501816,2025-08-08,17,2025-08-08,2025-08-10,C10059,Online,4,USD,Completed
SO-501817,2025-08-09,22,2025-08-09,2025-08-12,C10115,Online,1,USD,Completed
SO-501818,2025-08-09,16,2025-08-09,2025-08-13,C10322,Online,1,USD,Completed
SO-501819,2025-08-09,10,2025-08-09,2025-08-11,C10002,Online,4,USD,Completed
SO-501820,2025-08-09,12,2025-08-09,2025-08-13,C10148,Online,5,EUR,Completed
SO-501821,2025-08-09,18,2025-08-09,2025-08-12,C10051,Online,3,USD,Completed
SO-501822,2025-08-09,9,2025-08-09,2025-08-11,C10284,Store,4,USD,Completed
SO-501823,2025-08-09,8,2025-08-09,2025-08-12,C10113,Online,3,USD,Completed
SO-501824,2025-08-09,8,2025-08-09,2025-08-10,C10223,Store,1,USD,Completed
SO-501825,2025-08-09,17,2025-08-09,2025-08-10,C10141,Online,1,USD,Completed
SO-501826,2025-08-10,19,2025-08-10,2025-08-14,C10045,Store,3,USD,Completed
SO-501827,2025-08-10,10,2025-08-10,2025-08-14,C10148,Online,5,EUR,Completed
SO-501828,2025-08-10,21,2025-08-10,2025-08-12,C10397,Online,3,USD,Completed
SO-501829,2025-08-10,11,2025-08-10,2025-08-13,C10145,Online,1,USD,Completed
SO-501830,2025-08-10,9,2025-08-10,2025-08-13,C10210,Store,2,USD,Completed
SO-501831,2025-08-10,8,2025-08-10,2025-08-11,C10215,Online,2,USD,Completed
SO-501832,2025-08-10,15,2025-08-10,2025-08-11,C10088,Online,3,USD,Completed
SO-501833,2025-08-10,9,2025-08-10,2025-08-11,C10399,Store,4,USD,Completed
SO-501834,2025-08-10,9,2025-08-10,2025-08-12,C10306,Online,4,USD,Completed
SO-501835,2025-08-10,11,2025-08-10,2025-08-14,C10219,Store,3,USD,Completed
SO-501836,2025-08-11,16,2025-08-11,,C10121,Online,4,USD,Cancelled
SO-501837,2025-08-11,20,2025-08-11,2025-08-12,C10335,Online,1,USD,Completed
SO-501838,2025-08-11,14,2025-08-11,2025-08-12,C10071,Store,3,USD,Completed
SO-501839,2025-08-11,10,2025-08-11,2025-08-12,C10376,Store,1,USD,Completed
SO-501840,2025-08-11,15,2025-08-11,2025-08-12,C10162,Store,2,USD,Completed
SO-501841,2025-08-11,20,2025-08-11,2025-08-12,C10249,Store,1,USD,Completed
SO-501842,2025-08-11,17,2025-08-11,2025-08-14,C10217,Store,3,USD,Completed
SO-501843,2025-08-11,14,2025-08-11,2025-08-14,C10228,Staff,1,USD,Completed
SO-501844,2025-08-11,14,2025-08-11,2025-08-13,C10342,Store,5,EUR,Completed
SO-501845,2025-08-12,20,2025-08-12,2025-08-16,C10004,Online,2,USD,Completed
SO-501846,2025-08-12,13,2025-08-12,2025-08-16,C10218,Marketplace,1,USD,Completed
SO-501847,2025-08-12,14,2025-08-12,2025-08-15,C10301,Online,1,USD,Completed
SO-501848,2025-08-12,9,2025-08-12,2025-08-14,C10219,Store,3,USD,Completed
SO-501849,2025-08-12,13,2025-08-12,2025-08-16,C10121,Online,4,USD,Completed
SO-501850,2025-08-12,21,2025-08-12,2025-08-13,C10285,Store,2,USD,Completed
SO-501851,2025-08-12,12,2025-08-12,2025-08-18,C10416,Wholesale,1,USD,Completed
SO-501852,2025-08-12,18,2025-08-12,2025-08-15,C10150,Store,4,USD,Completed
SO-501853,2025-08-13,19,2025-08-13,2025-08-17,C10166,Marketplace,1,USD,Completed
SO-501854,2025-08-13,18,2025-08-13,2025-08-15,C10352,Marketplace,3,USD,Completed
SO-501855,2025-08-13,13,2025-08-13,2025-08-15,C10277,Online,2,USD,Completed
SO-501856,2025-08-13,19,2025-08-13,2025-08-17,C10381,Online,4,USD,Completed
SO-501857,2025-08-13,8,2025-08-13,2025-08-16,C10091,Store,3,USD,Completed
SO-501858,2025-08-13,22,2025-08-13,2025-08-15,C10021,Store,3,USD,Completed
SO-501859,2025-08-13,19,2025-08-13,2025-08-16,C10390,Store,3,USD,Completed
SO-501860,2025-08-13,10,2025-08-13,,C10297,Marketplace,2,USD,Cancelled
SO-501861,2025-08-13,16,2025-08-13,2025-08-15,C10049,Store,2,USD,Completed
SO-501862,2025-08-13,20,2025-08-13,2025-08-17,C10324,Online,2,USD,Completed
SO-501863,2025-08-14,13,2025-08-14,2025-08-15,C10405,Online,5,EUR,Completed
SO-501864,2025-08-14,21,2025-08-14,2025-08-15,C10151,Online,4,USD,Completed
SO-501865,2025-08-14,9,2025-08-14,2025-08-15,C10165,Online,5,EUR,Completed
SO-501866,2025-08-14,14,2025-08-14,2025-08-18,C10062,Online,2,USD,Completed
SO-501867,2025-08-14,18,2025-08-14,2025-08-16,C10355,Online,2,USD,Completed
SO-501868,2025-08-14,14,2025-08-14,2025-08-18,C10157,Store,4,USD,Completed
SO-501869,2025-08-14,18,2025-08-14,2025-08-18,C10361,Store,3,USD,Completed
SO-501870,2025-08-14,18,2025-08-14,2025-08-17,C10349,Wholesale,4,USD,Completed
SO-501871,2025-08-14,17,2025-08-14,2025-08-17,C10074,Store,1,USD,Completed
SO-501872,2025-08-14,10,2025-08-14,2025-08-15,C10378,Online,2,USD,Completed
SO-501873,2025-08-15,22,2025-08-15,,C10138,Online,4,USD,Cancelled
SO-501874,2025-08-15,12,2025-08-15,2025-08-19,C10017,Staff,4,USD,Completed
SO-501875,2025-08-15,19,2025-08-15,2025-08-16,C10185,Online,1,USD,Completed
SO-501876,2025-08-15,11,2025-08-15,2025-08-19,C10258,Store,3,USD,Completed
SO-501877,2025-08-15,12,2025-08-15,2025-08-17,C10073,Online,1,USD,Completed
SO-501878,2025-08-15,21,2025-08-15,2025-08-18,C10029,Store,2,USD,Completed
SO-501879,2025-08-15,12,2025-08-15,2025-08-16,C10254,Online,5,EUR,Completed
SO-501880,2025-08-15,17,2025-08-15,2025-08-17,C10219,Store,4,USD,Completed
SO-501881,2025-08-16,14,2025-08-16,2025-08-17,C10396,Store,1,USD,Completed
SO-501882,2025-08-16,15,2025-08-16,2025-08-17,C10042,Online,3,USD,Completed
SO-501883,2025-08-16,11,2025-08-16,2025-08-17,C10043,Store,5,EUR,Completed
SO-501884,2025-08-16,9,2025-08-16,2025-08-18,C10317,Online,5,EUR,Completed
SO-501885,2025-08-16,18,2025-08-16,2025-08-17,C10354,Staff,3,USD,Completed
SO-501886,2025-08-16,22,2025-08-16,2025-08-17,C10038,Store,1,USD,Completed
SO-501887,2025-08-16,13,2025-08-16,2025-08-19,C10042,Online,3,USD,Completed
SO-501888,2025-08-16,21,2025-08-16,2025-08-19,C10047,Online,4,USD,Completed
SO-501889,2025-08-16,13,2025-08-16,2025-08-19,C10322,Store,1,USD,Completed
SO-501890,2025-08-16,11,2025-08-16,2025-08-21,C10077,Wholesale,4,USD,Completed
SO-501891,2025-08-17,21,2025-08-17,2025-08-18,C10192,Store,3,USD,Completed
SO-501892,2025-08-17,22,2025-08-17,2025-08-18,C10266,Store,3,USD,Completed
SO-501893,2025-08-17,20,2025-08-17,2025-08-21,C10416,Online,3,USD,Completed
SO-501894,2025-08-17,15,2025-08-17,2025-08-20,C10141,Online,1,USD,Completed
SO-501895,2025-08-17,9,2025-08-17,2025-08-21,C10345,Store,2,USD,Completed
SO-501896,2025-08-17,10,2025-08-17,2025-08-20,C10001,Online,5,EUR,Completed
SO-501897,2025-08-17,11,2025-08-17,2025-08-21,C10083,Online,2,USD,Completed
SO-501898,2025-08-17,14,2025-08-17,2025-08-18,C10183,Wholesale,2,USD,Completed
SO-501899,2025-08-17,15,2025-08-17,2025-08-18,C10213,Online,1,USD,Completed
SO-501900,2025-08-17,9,2025-08-17,2025-08-23,C10077,Wholesale,4,USD,Completed
SO-501901,2025-08-18,18,2025-08-18,2025-08-22,C10100,Online,4,USD,Completed
SO-501902,2025-08-18,15,2025-08-18,2025-08-21,C10348,Online,1,USD,Completed
SO-501903,2025-08-18,18,2025-08-18,2025-08-22,C10113,Online,2,USD,Completed
SO-501904,2025-08-18,21,2025-08-18,2025-08-21,C10051,Store,1,USD,Completed
SO-501905,2025-08-18,18,2025-08-18,2025-08-22,C10342,Online,5,EUR,Completed
SO-501906,2025-08-18,18,2025-08-18,2025-08-20,C10248,Marketplace,1,USD,Completed
SO-501907,2025-08-18,20,2025-08-18,2025-08-20,C10243,Online,3,USD,Completed
SO-501908,2025-08-18,20,2025-08-18,2025-08-20,C10017,Store,1,USD,Completed
SO-501909,2025-08-19,19,2025-08-19,2025-08-20,C10072,Online,3,USD,Completed
SO-501910,2025-08-19,20,2025-08-19,2025-08-21,C10077,Wholesale,4,USD,Completed
SO-501911,2025-08-19,20,2025-08-19,2025-08-20,C10403,Online,2,USD,Completed
SO-501912,2025-08-19,12,2025-08-19,2025-08-23,C10310,Staff,5,EUR,Completed
SO-501913,2025-08-19,21,2025-08-19,2025-08-22,C10348,Store,1,USD,Completed
SO-501914,2025-08-19,9,2025-08-19,2025-08-22,C10388,Store,3,USD,Completed
SO-501915,2025-08-19,18,2025-08-19,2025-08-21,C10361,Online,3,USD,Completed
SO-501916,2025-08-19,12,2025-08-19,2025-08-22,C10068,Marketplace,4,USD,Completed
SO-501917,2025-08-19,13,2025-08-19,2025-08-23,C10188,Marketplace,4,USD,Completed
SO-501918,2025-08-19,13,2025-08-19,2025-08-26,C10016,Wholesale,1,USD,Completed
SO-501919,2025-08-20,19,2025-08-20,2025-08-23,C10277,Store,2,USD,Completed
SO-501920,2025-08-20,9,2025-08-20,2025-08-21,C10327,Online,3,USD,Completed
SO-501921,2025-08-20,14,2025-08-20,2025-08-21,C10112,Online,1,USD,Completed
SO-501922,2025-08-20,12,2025-08-20,2025-08-21,C10264,Store,4,USD,Completed
SO-501923,2025-08-20,10,2025-08-20,2025-08-24,C10395,Online,1,USD,Completed
SO-501924,2025-08-20,12,2025-08-20,2025-08-24,C10303,Store,5,EUR,Completed
SO-501925,2025-08-20,12,2025-08-20,2025-08-23,C10301,Online,3,USD,Completed
SO-501926,2025-08-20,18,2025-08-20,2025-08-21,C10375,Online,3,USD,Completed
SO-501927,2025-08-20,20,2025-08-20,,C10389,Store,1,USD,Cancelled
SO-501928,2025-08-21,22,2025-08-21,2025-08-27,C10395,Wholesale,1,USD,Completed
SO-501929,2025-08-21,14,2025-08-21,2025-08-22,C10141,Online,3,USD,Completed
SO-501930,2025-08-21,22,2025-08-21,2025-08-23,C10252,Store,3,USD,Completed
SO-501931,2025-08-21,18,2025-08-21,2025-08-23,C10386,Store,1,USD,Completed
SO-501932,2025-08-21,18,2025-08-21,2025-08-24,C10006,Online,4,USD,Completed
SO-501933,2025-08-21,14,2025-08-21,2025-08-24,C10267,Online,4,USD,Completed
SO-501934,2025-08-21,14,2025-08-21,2025-08-25,C10368,Online,1,USD,Completed
SO-501935,2025-08-21,11,2025-08-21,,C10012,Store,3,USD,Cancelled
SO-501936,2025-08-21,15,2025-08-21,2025-08-25,C10109,Store,3,USD,Completed
SO-501937,2025-08-21,13,2025-08-21,2025-08-24,C10184,Store,3,USD,Completed
SO-501938,2025-08-21,20,2025-08-21,2025-08-24,C10215,Online,2,USD,Completed
SO-501939,2025-08-22,12,2025-08-22,2025-08-24,C10078,Online,2,USD,Completed
SO-501940,2025-08-22,20,2025-08-22,,C10017,Store,1,USD,Cancelled
SO-501941,2025-08-22,10,2025-08-22,2025-08-23,C10013,Online,4,USD,Completed
SO-501942,2025-08-22,10,2025-08-22,2025-08-24,C10323,Store,2,USD,Completed
SO-501943,2025-08-22,20,2025-08-22,2025-08-23,C10169,Store,3,USD,Completed
SO-501944,2025-08-22,20,2025-08-22,2025-08-26,C10369,Store,4,USD,Completed
SO-501945,2025-08-22,18,2025-08-22,2025-08-24,C10019,Store,2,USD,Completed
SO-501946,2025-08-22,20,2025-08-22,2025-08-24,C10419,Online,2,USD,Completed
SO-501947,2025-08-23,16,2025-08-23,2025-08-25,C10014,Store,3,USD,Completed
SO-501948,2025-08-23,10,2025-08-23,2025-08-27,C10304,Online,2,USD,Completed
SO-501949,2025-08-23,18,2025-08-23,2025-08-26,C10325,Online,2,USD,Completed
SO-501950,2025-08-23,12,2025-08-23,2025-08-25,C10244,Store,1,USD,Completed
SO-501951,2025-08-23,14,2025-08-23,2025-08-25,C10223,Online,1,USD,Completed
SO-501952,2025-08-23,19,2025-08-23,2025-08-25,C10072,Store,3,USD,Completed
SO-501953,2025-08-23,10,2025-08-23,2025-08-27,C10266,Store,4,USD,Completed
SO-501954,2025-08-23,12,2025-08-23,2025-08-25,C10019,Marketplace,3,USD,Completed
SO-501955,2025-08-23,13,2025-08-23,2025-08-25,C10107,Store,4,USD,Completed
SO-501956,2025-08-24,12,2025-08-24,2025-08-25,C10103,Marketplace,5,EUR,Completed
SO-501957,2025-08-24,22,2025-08-24,2025-08-26,C10257,Store,3,USD,Completed
SO-501958,2025-08-24,15,2025-08-24,2025-08-26,C10022,Marketplace,5,EUR,Completed
SO-501959,2025-08-24,15,2025-08-24,2025-08-28,C10043,Online,5,EUR,Completed
SO-501960,2025-08-24,14,2025-08-24,2025-08-27,C10169,Online,4,USD,Completed
SO-501961,2025-08-24,20,2025-08-24,2025-08-26,C10371,Online,3,USD,Completed
SO-501962,2025-08-24,21,2025-08-24,2025-08-26,C10056,Online,1,USD,Completed
SO-501963,2025-08-24,20,2025-08-24,2025-08-27,C10168,Online,1,USD,Completed
SO-501964,2025-08-24,21,2025-08-24,2025-08-27,C10008,Store,4,USD,Completed
SO-501965,2025-08-25,21,2025-08-25,2025-08-26,C10170,Marketplace,3,USD,Completed
SO-501966,2025-08-25,17,2025-08-25,2025-08-29,C10323,Store,2,USD,Completed
SO-501967,2025-08-25,10,2025-08-25,2025-08-27,C10407,Online,4,USD,Completed
SO-501968,2025-08-25,14,2025-08-25,,C10259,Wholesale,4,USD,Cancelled
SO-501969,2025-08-25,15,2025-08-25,2025-08-26,C10417,Store,2,USD,Completed
SO-501970,2025-08-25,15,2025-08-25,2025-08-28,C10385,Online,1,USD,Completed
SO-501971,2025-08-25,21,2025-08-25,2025-08-28,C10348,Online,1,USD,Completed
SO-501972,2025-08-25,19,2025-08-25,2025-08-29,C10086,Store,5,EUR,Completed
SO-501973,2025-08-25,12,2025-08-25,2025-08-29,C10113,Store,3,USD,Completed
SO-501974,2025-08-25,14,2025-08-25,2025-08-28,C10119,Store,3,USD,Completed
SO-501975,2025-08-26,17,2025-08-26,2025-08-30,C10042,Online,3,USD,Completed
SO-501976,2025-08-26,22,2025-08-26,2025-08-27,C10196,Store,4,USD,Completed
SO-501977,2025-08-26,10,2025-08-26,2025-08-28,C10042,Online,3,USD,Completed
SO-501978,2025-08-26,17,2025-08-26,2025-08-28,C10412,Online,4,USD,Completed
SO-501979,2025-08-26,21,2025-08-26,2025-08-27,C10042,Online,3,USD,Completed
SO-501980,2025-08-26,9,2025-08-26,2025-08-30,C10257,Store,3,USD,Completed
SO-501981,2025-08-26,18,2025-08-26,2025-08-30,C10366,Online,1,USD,Completed
SO-501982,2025-08-26,11,2025-08-26,2025-08-27,C10067,Online,1,USD,Completed
SO-501983,2025-08-27,8,2025-08-27,2025-08-31,C10120,Online,3,USD,Completed
SO-501984,2025-08-27,8,2025-08-27,2025-08-30,C10042,Store,1,USD,Completed
SO-501985,2025-08-27,11,2025-08-27,2025-08-28,C10244,Online,1,USD,Completed
SO-501986,2025-08-27,8,2025-08-27,2025-08-29,C10259,Wholesale,4,USD,Completed
SO-501987,2025-08-27,14,2025-08-27,2025-08-30,C10160,Store,2,USD,Completed
SO-501988,2025-08-27,9,2025-08-27,2025-08-31,C10379,Online,4,USD,Completed
SO-501989,2025-08-27,19,2025-08-27,2025-08-30,C10420,Store,4,USD,Completed
SO-501990,2025-08-27,19,2025-08-27,2025-08-31,C10017,Store,1,USD,Completed
SO-501991,2025-08-27,17,2025-08-27,2025-08-30,C10148,Online,5,EUR,Completed
SO-501992,2025-08-27,11,2025-08-27,2025-08-29,C10148,Online,5,EUR,Completed
SO-501993,2025-08-27,17,2025-08-27,2025-08-30,C10279,Store,3,USD,Completed
SO-501994,2025-08-28,8,2025-08-28,2025-08-31,C10026,Online,2,USD,Completed
SO-501995,2025-08-28,9,2025-08-28,2025-08-29,C10143,Online,1,USD,Completed
SO-501996,2025-08-28,11,2025-08-28,2025-08-31,C10280,Marketplace,3,USD,Completed
SO-501997,2025-08-28,21,2025-08-28,2025-08-31,C10153,Online,1,USD,Completed
SO-501998,2025-08-28,8,2025-08-28,2025-09-01,C10230,Online,3,USD,Completed
SO-501999,2025-08-28,16,2025-08-28,,C10033,Online,3,USD,Cancelled
SO-502000,2025-08-28,8,2025-08-28,2025-09-01,C10141,Online,1,USD,Completed
SO-502001,2025-08-28,14,2025-08-28,2025-08-31,C10004,Store,2,USD,Completed
SO-502002,2025-08-28,10,2025-08-28,2025-09-01,C10265,Store,4,USD,Completed
SO-502003,2025-08-28,13,2025-08-28,2025-08-29,C10316,Online,1,USD,Completed
SO-502004,2025-08-29,10,2025-08-29,2025-08-31,C10196,Online,1,USD,Completed
SO-502005,2025-08-29,17,2025-08-29,2025-09-01,C10100,Staff,4,USD,Completed
SO-502006,2025-08-29,10,2025-08-29,2025-09-01,C10117,Store,2,USD,Completed
SO-502007,2025-08-29,12,2025-08-29,2025-08-31,C10259,Online,4,USD,Completed
SO-502008,2025-08-29,20,2025-08-29,2025-09-01,C10032,Online,3,USD,Completed
SO-502009,2025-08-29,17,2025-08-29,2025-08-31,C10148,Online,5,EUR,Completed
SO-502010,2025-08-29,10,2025-08-29,2025-09-02,C10168,Online,1,USD,Completed
SO-502011,2025-08-30,13,2025-08-30,2025-09-03,C10237,Online,5,EUR,Completed
SO-502012,2025-08-30,21,2025-08-30,2025-09-01,C10376,Online,1,USD,Completed
SO-502013,2025-08-30,21,2025-08-30,2025-09-01,C10233,Online,1,USD,Completed
SO-502014,2025-08-30,14,2025-08-30,2025-09-03,C10250,Marketplace,4,USD,Completed
SO-502015,2025-08-30,21,2025-08-30,2025-09-03,C10301,Online,1,USD,Completed
SO-502016,2025-08-30,11,2025-08-30,2025-08-31,C10266,Marketplace,3,USD,Completed
SO-502017,2025-08-30,22,2025-08-30,2025-09-01,C10177,Online,1,USD,Completed
SO-502018,2025-08-30,9,2025-08-30,2025-09-01,C10376,Online,1,USD,Completed
SO-502019,2025-08-30,12,2025-08-30,2025-09-03,C10371,Store,3,USD,Completed
SO-502020,2025-08-30,11,2025-08-30,2025-09-03,C10333,Online,1,USD,Completed
SO-502021,2025-08-30,10,2025-08-30,,C10176,Online,5,EUR,Cancelled
SO-502022,2025-08-30,8,2025-08-30,2025-09-01,C10251,Online,2,USD,Completed
SO-502023,2025-08-31,21,2025-09-01,2025-09-03,C10145,Online,1,USD,Completed
SO-502024,2025-08-31,10,2025-08-31,2025-09-02,C10073,Online,1,USD,Completed
SO-502025,2025-08-31,14,2025-08-31,2025-09-02,C10348,Store,1,USD,Completed
SO-502026,2025-08-31,10,2025-08-31,2025-09-01,C10285,Store,2,USD,Completed
SO-502027,2025-08-31,9,2025-08-31,2025-09-03,C10325,Store,2,USD,Completed
SO-502028,2025-08-31,12,2025-08-31,,C10323,Online,2,USD,Cancelled
SO-502029,2025-08-31,13,2025-08-31,2025-09-02,C10210,Online,2,USD,Completed
SO-502030,2025-08-31,15,2025-08-31,2025-09-01,C10345,Store,2,USD,Completed
SO-502031,2025-08-31,17,2025-08-31,2025-09-01,C10386,Store,3,USD,Completed
SO-502032,2025-08-31,14,2025-08-31,2025-09-05,C10141,Wholesale,1,USD,Completed
SO-502033,2025-08-31,14,2025-08-31,2025-09-01,C10249,Store,1,USD,Completed
SO-502034,2025-09-01,10,2025-09-01,2025-09-03,C10188,Online,4,USD,Completed
SO-502035,2025-09-01,8,2025-09-01,2025-09-02,C10168,Online,1,USD,Completed
SO-502036,2025-09-01,13,2025-09-01,2025-09-08,C10077,Wholesale,4,USD,Completed
SO-502037,2025-09-01,18,2025-09-01,2025-09-02,C10045,Online,1,USD,Completed
SO-502038,2025-09-01,19,2025-09-01,2025-09-04,C10134,Online,4,USD,Completed
SO-502039,2025-09-01,11,2025-09-01,2025-09-02,C10294,Online,1,USD,Completed
SO-502040,2025-09-02,15,2025-09-02,,C10331,Marketplace,5,EUR,Cancelled
SO-502041,2025-09-02,9,2025-09-02,2025-09-05,C10212,Store,3,USD,Completed
SO-502042,2025-09-02,18,2025-09-02,2025-09-05,C10157,Store,4,USD,Completed
SO-502043,2025-09-02,22,2025-09-02,2025-09-05,C10274,Online,5,EUR,Completed
SO-502044,2025-09-02,15,2025-09-02,2025-09-03,C10373,Online,4,USD,Completed
SO-502045,2025-09-02,21,2025-09-02,2025-09-03,C10163,Online,3,USD,Completed
SO-502046,2025-09-02,11,2025-09-02,2025-09-05,C10270,Store,3,USD,Completed
SO-502047,2025-09-02,14,2025-09-02,2025-09-03,C10171,Online,2,USD,Completed
SO-502048,2025-09-02,21,2025-09-02,2025-09-07,C10077,Wholesale,1,USD,Completed
SO-502049,2025-09-03,8,2025-09-03,2025-09-07,C10091,Store,3,USD,Completed
SO-502050,2025-09-03,20,2025-09-03,2025-09-07,C10113,Marketplace,3,USD,Completed
SO-502051,2025-09-03,16,2025-09-03,2025-09-06,C10303,Online,5,EUR,Completed
SO-502052,2025-09-03,11,2025-09-03,2025-09-07,C10141,Store,2,USD,Completed
SO-502053,2025-09-03,14,2025-09-03,2025-09-07,C10383,Online,1,USD,Completed
SO-502054,2025-09-03,21,2025-09-03,2025-09-04,C10342,Online,5,EUR,Completed
SO-502055,2025-09-03,11,2025-09-03,2025-09-06,C10030,Online,3,USD,Completed
SO-502056,2025-09-03,20,2025-09-03,2025-09-04,C10118,Marketplace,1,USD,Completed
SO-502057,2025-09-03,18,2025-09-03,2025-09-07,C10161,Marketplace,1,USD,Completed
SO-502058,2025-09-04,19,2025-09-04,2025-09-05,C10100,Store,4,USD,Completed
SO-502059,2025-09-04,14,2025-09-04,2025-09-07,C10178,Store,2,USD,Completed
SO-502060,2025-09-04,15,2025-09-04,2025-09-06,C10310,Store,5,EUR,Completed
SO-502061,2025-09-04,20,2025-09-04,2025-09-05,C10329,Marketplace,3,USD,Completed
SO-502062,2025-09-04,10,2025-09-04,2025-09-08,C10113,Online,3,USD,Completed
SO-502063,2025-09-04,19,2025-09-04,2025-09-07,C10349,Online,4,USD,Completed
SO-502064,2025-09-04,9,2025-09-04,2025-09-07,C10390,Online,3,USD,Completed
SO-502065,2025-09-05,22,2025-09-05,2025-09-06,C10323,Online,3,USD,Completed
SO-502066,2025-09-05,21,2025-09-05,2025-09-09,C10381,Wholesale,4,USD,Completed
SO-502067,2025-09-05,15,2025-09-05,2025-09-08,C10301,Online,1,USD,Completed
SO-502068,2025-09-05,10,2025-09-05,2025-09-08,C10056,Online,2,USD,Completed
SO-502069,2025-09-05,17,2025-09-05,2025-09-08,C10142,Online,2,USD,Completed
SO-502070,2025-09-05,11,2025-09-05,2025-09-07,C10113,Store,3,USD,Completed
SO-502071,2025-09-05,8,2025-09-05,2025-09-06,C10297,Online,2,USD,Completed
SO-502072,2025-09-05,9,2025-09-05,,C10007,Online,2,USD,Cancelled
SO-502073,2025-09-06,14,2025-09-06,2025-09-08,C10394,Store,5,EUR,Completed
SO-502074,2025-09-06,13,2025-09-06,2025-09-10,C10407,Store,1,USD,Completed
SO-502075,2025-09-06,8,2025-09-06,2025-09-08,C10197,Online,3,USD,Completed
SO-502076,2025-09-06,20,2025-09-06,2025-09-08,C10412,Online,2,USD,Completed
SO-502077,2025-09-06,14,2025-09-06,2025-09-09,C10100,Marketplace,4,USD,Completed
SO-502078,2025-09-06,16,2025-09-06,2025-09-07,C10325,Online,2,USD,Completed
SO-502079,2025-09-06,18,2025-09-06,2025-09-08,C10323,Online,2,USD,Completed
SO-502080,2025-09-06,18,2025-09-06,2025-09-08,C10402,Store,4,USD,Completed
SO-502081,2025-09-06,17,2025-09-06,2025-09-07,C10259,Store,4,USD,Completed
SO-502082,2025-09-07,16,2025-09-07,2025-09-08,C10113,Store,3,USD,Completed
SO-502083,2025-09-07,22,2025-09-07,2025-09-08,C10217,Online,3,USD,Completed
SO-502084,2025-09-07,8,2025-09-07,2025-09-09,C10326,Store,2,USD,Completed
SO-502085,2025-09-07,16,2025-09-07,2025-09-10,C10400,Online,1,USD,Completed
SO-502086,2025-09-07,16,2025-09-07,2025-09-09,C10171,Online,2,USD,Completed
SO-502087,2025-09-07,16,2025-09-07,2025-09-09,C10052,Online,3,USD,Completed
SO-502088,2025-09-07,20,2025-09-07,,C10235,Online,4,USD,Cancelled
SO-502089,2025-09-07,9,2025-09-07,2025-09-08,C10323,Online,2,USD,Completed
SO-502090,2025-09-08,19,2025-09-08,2025-09-11,C10195,Store,3,USD,Completed
SO-502091,2025-09-08,14,2025-09-08,2025-09-10,C10387,Online,1,USD,Completed
SO-502092,2025-09-08,20,2025-09-08,2025-09-12,C10108,Online,2,USD,Completed
SO-502093,2025-09-08,13,2025-09-08,2025-09-10,C10347,Online,1,USD,Completed
SO-502094,2025-09-08,17,2025-09-08,2025-09-10,C10213,Online,1,USD,Completed
SO-502095,2025-09-08,12,2025-09-08,,C10250,Online,4,USD,Cancelled
SO-502096,2025-09-08,21,2025-09-08,2025-09-09,C10095,Store,4,USD,Completed
SO-502097,2025-09-09,10,2025-09-09,2025-09-12,C10250,Online,4,USD,Completed
SO-502098,2025-09-09,16,2025-09-09,2025-09-12,C10417,Marketplace,3,USD,Completed
SO-502099,2025-09-09,9,2025-09-09,2025-09-12,C10018,Online,1,USD,Completed
SO-502100,2025-09-09,14,2025-09-09,2025-09-14,C10350,Wholesale,1,USD,Completed
SO-502101,2025-09-09,11,2025-09-09,2025-09-13,C10217,Store,3,USD,Completed
SO-502102,2025-09-09,9,2025-09-09,2025-09-10,C10321,Store,1,USD,Completed
SO-502103,2025-09-09,9,2025-09-09,2025-09-12,C10124,Marketplace,3,USD,Completed
SO-502104,2025-09-09,20,2025-09-09,2025-09-12,C10141,Online,1,USD,Completed
SO-502105,2025-09-09,14,2025-09-09,2025-09-11,C10342,Online,5,EUR,Completed
SO-502106,2025-09-10,12,2025-09-10,2025-09-12,C10082,Store,1,USD,Completed
SO-502107,2025-09-10,17,2025-09-10,2025-09-13,C10144,Marketplace,4,USD,Completed
SO-502108,2025-09-10,12,2025-09-10,2025-09-12,C10288,Online,2,USD,Completed
SO-502109,2025-09-10,11,2025-09-10,2025-09-11,C10213,Online,1,USD,Completed
SO-502110,2025-09-10,18,2025-09-10,2025-09-11,C10412,Store,4,USD,Completed
SO-502111,2025-09-10,9,2025-09-10,2025-09-14,C10370,Staff,1,USD,Completed
SO-502112,2025-09-10,13,2025-09-10,2025-09-12,C10030,Online,3,USD,Completed
SO-502113,2025-09-11,10,2025-09-11,2025-09-12,C10316,Store,2,USD,Completed
SO-502114,2025-09-11,8,2025-09-11,2025-09-15,C10265,Online,4,USD,Completed
SO-502115,2025-09-11,21,2025-09-11,2025-09-14,C10234,Online,5,EUR,Completed
SO-502116,2025-09-11,14,2025-09-11,2025-09-12,C10103,Online,5,EUR,Completed
SO-502117,2025-09-11,15,2025-09-11,2025-09-15,C10271,Marketplace,3,USD,Completed
SO-502118,2025-09-11,21,2025-09-11,2025-09-13,C10173,Marketplace,1,USD,Completed
SO-502119,2025-09-11,8,2025-09-11,2025-09-13,C10027,Online,1,USD,Completed
SO-502120,2025-09-11,11,2025-09-11,2025-09-13,C10125,Marketplace,3,USD,Completed
SO-502121,2025-09-11,11,2025-09-11,2025-09-14,C10113,Online,2,USD,Completed
SO-502122,2025-09-12,10,2025-09-12,2025-09-16,C10100,Store,4,USD,Completed
SO-502123,2025-09-12,22,2025-09-12,2025-09-13,C10349,Online,2,USD,Completed
SO-502124,2025-09-12,13,2025-09-12,2025-09-13,C10352,Online,1,USD,Completed
SO-502125,2025-09-12,13,2025-09-12,2025-09-16,C10348,Online,1,USD,Completed
SO-502126,2025-09-12,8,2025-09-12,2025-09-14,C10379,Store,2,USD,Completed
SO-502127,2025-09-12,13,2025-09-12,2025-09-13,C10300,Online,4,USD,Completed
SO-502128,2025-09-12,19,2025-09-12,2025-09-15,C10204,Online,1,USD,Completed
SO-502129,2025-09-12,11,2025-09-12,2025-09-15,C10404,Online,2,USD,Completed
SO-502130,2025-09-13,14,2025-09-13,2025-09-16,C10043,Staff,5,EUR,Completed
SO-502131,2025-09-13,14,2025-09-13,2025-09-16,C10419,Online,2,USD,Completed
SO-502132,2025-09-13,17,2025-09-13,2025-09-16,C10046,Marketplace,1,USD,Completed
SO-502133,2025-09-13,14,2025-09-13,2025-09-16,C10077,Wholesale,4,USD,Completed
SO-502134,2025-09-13,16,2025-09-13,2025-09-17,C10163,Store,3,USD,Completed
SO-502135,2025-09-13,18,2025-09-13,2025-09-14,C10276,Online,2,USD,Completed
SO-502136,2025-09-13,18,2025-09-13,2025-09-20,C10103,Wholesale,5,EUR,Completed
SO-502137,2025-09-13,17,2025-09-13,2025-09-15,C10281,Marketplace,3,USD,Completed
SO-502138,2025-09-13,22,2025-09-13,2025-09-16,C10201,Online,3,USD,Completed
SO-502139,2025-09-13,13,2025-09-13,2025-09-17,C10323,Marketplace,2,USD,Completed
SO-502140,2025-09-13,13,2025-09-13,2025-09-15,C10201,Online,3,USD,Completed
SO-502141,2025-09-14,15,2025-09-14,2025-09-18,C10079,Store,3,USD,Completed
SO-502142,2025-09-14,20,2025-09-14,2025-09-18,C10014,Online,2,USD,Completed
SO-502143,2025-09-14,20,2025-09-14,2025-09-17,C10402,Store,4,USD,Completed
SO-502144,2025-09-14,11,2025-09-14,2025-09-16,C10340,Store,1,USD,Completed
SO-502145,2025-09-14,19,2025-09-14,2025-09-16,C10057,Online,1,USD,Completed
SO-502146,2025-09-14,10,2025-09-14,2025-09-18,C10309,Store,4,USD,Completed
SO-502147,2025-09-14,17,2025-09-14,2025-09-18,C10377,Online,3,USD,Completed
SO-502148,2025-09-14,21,2025-09-14,2025-09-18,C10141,Wholesale,1,USD,Completed
SO-502149,2025-09-14,14,2025-09-14,2025-09-16,C10202,Online,4,USD,Completed
SO-502150,2025-09-14,20,2025-09-14,2025-09-17,C10110,Online,4,USD,Completed
SO-502151,2025-09-15,10,2025-09-15,2025-09-19,C10316,Store,1,USD,Completed
SO-502152,2025-09-15,20,2025-09-15,2025-09-16,C10114,Online,2,USD,Completed
SO-502153,2025-09-15,11,2025-09-15,2025-09-19,C10323,Marketplace,2,USD,Completed
SO-502154,2025-09-15,20,2025-09-15,2025-09-17,C10018,Online,1,USD,Completed
SO-502155,2025-09-15,11,2025-09-15,2025-09-16,C10191,Online,2,USD,Completed
SO-502156,2025-09-15,8,2025-09-15,2025-09-19,C10258,Online,3,USD,Completed
SO-502157,2025-09-16,10,2025-09-16,2025-09-18,C10181,Staff,3,USD,Completed
SO-502158,2025-09-16,19,2025-09-16,2025-09-17,C10173,Store,1,USD,Completed
SO-502159,2025-09-16,10,2025-09-16,2025-09-18,C10144,Online,4,USD,Completed
SO-502160,2025-09-16,14,2025-09-16,2025-09-18,C10113,Online,3,USD,Completed
SO-502161,2025-09-16,12,2025-09-16,2025-09-17,C10210,Store,2,USD,Completed
SO-502162,2025-09-16,14,2025-09-16,2025-09-18,C10236,Online,3,USD,Completed
SO-502163,2025-09-16,12,2025-09-16,2025-09-18,C10266,Online,3,USD,Completed
SO-502164,2025-09-17,14,2025-09-17,,C10090,Store,3,USD,Cancelled
SO-502165,2025-09-17,13,2025-09-17,2025-09-20,C10286,Online,2,USD,Completed
SO-502166,2025-09-17,14,2025-09-17,2025-09-20,C10206,Store,4,USD,Completed
SO-502167,2025-09-17,22,2025-09-17,2025-09-21,C10130,Online,1,USD,Completed
SO-502168,2025-09-17,9,2025-09-17,2025-09-18,C10150,Marketplace,4,USD,Completed
SO-502169,2025-09-17,11,2025-09-17,2025-09-20,C10357,Online,1,USD,Completed
SO-502170,2025-09-18,10,2025-09-18,2025-09-22,C10130,Online,3,USD,Completed
SO-502171,2025-09-18,21,2025-09-18,2025-09-19,C10297,Store,2,USD,Completed
SO-502172,2025-09-18,9,2025-09-18,2025-09-21,C10193,Store,3,USD,Completed
SO-502173,2025-09-18,9,2025-09-18,2025-09-20,C10135,Online,2,USD,Completed
SO-502174,2025-09-18,15,2025-09-18,2025-09-20,C10057,Store,1,USD,Completed
SO-502175,2025-09-18,8,2025-09-18,2025-09-19,C10382,Online,5,EUR,Completed
SO-502176,2025-09-18,18,2025-09-18,2025-09-22,C10080,Marketplace,1,USD,Completed
SO-502177,2025-09-19,14,2025-09-19,2025-09-23,C10035,Store,2,USD,Completed
SO-502178,2025-09-19,17,2025-09-19,2025-09-22,C10135,Online,2,USD,Completed
SO-502179,2025-09-19,15,2025-09-19,2025-09-20,C10337,Store,2,USD,Completed
SO-502180,2025-09-19,13,2025-09-19,,C10166,Marketplace,2,USD,Cancelled
SO-502181,2025-09-19,13,2025-09-19,2025-09-22,C10327,Store,3,USD,Completed
SO-502182,2025-09-19,9,2025-09-19,2025-09-22,C10376,Store,1,USD,Completed
SO-502183,2025-09-19,9,2025-09-19,2025-09-21,C10416,Online,3,USD,Completed
SO-502184,2025-09-20,8,2025-09-20,2025-09-24,C10348,Online,1,USD,Completed
SO-502185,2025-09-20,21,2025-09-20,2025-09-27,C10022,Wholesale,5,EUR,Completed
SO-502186,2025-09-20,14,2025-09-20,2025-09-24,C10042,Store,3,USD,Completed
SO-502187,2025-09-20,17,2025-09-20,2025-09-22,C10042,Online,3,USD,Completed
SO-502188,2025-09-20,18,2025-09-20,2025-09-23,C10086,Online,5,EUR,Completed
SO-502189,2025-09-20,10,2025-09-20,2025-09-23,C10373,Online,4,USD,Completed
SO-502190,2025-09-20,12,2025-09-20,2025-09-23,C10141,Marketplace,1,USD,Completed
SO-502191,2025-09-20,15,2025-09-20,,C10396,Online,1,USD,Cancelled
SO-502192,2025-09-20,21,2025-09-20,2025-09-21,C10181,Online,3,USD,Completed
SO-502193,2025-09-20,19,2025-09-20,2025-09-23,C10113,Marketplace,3,USD,Completed
SO-502194,2025-09-20,14,2025-09-20,2025-09-22,C10233,Store,1,USD,Completed
SO-502195,2025-09-21,16,2025-09-21,2025-09-22,C10331,Online,5,EUR,Completed
SO-502196,2025-09-21,9,2025-09-21,2025-09-25,C10306,Online,4,USD,Completed
SO-502197,2025-09-21,11,2025-09-21,2025-09-22,C10362,Online,2,USD,Completed
SO-502198,2025-09-21,11,2025-09-21,2025-09-22,C10403,Store,2,USD,Completed
SO-502199,2025-09-21,13,2025-09-21,2025-09-23,C10240,Store,4,USD,Completed
SO-502200,2025-09-21,12,2025-09-21,2025-09-22,C10275,Marketplace,2,USD,Completed
SO-502201,2025-09-21,19,2025-09-21,2025-09-24,C10323,Store,2,USD,Completed
SO-502202,2025-09-21,8,2025-09-21,2025-09-24,C10367,Store,5,EUR,Completed
SO-502203,2025-09-22,19,2025-09-22,2025-09-25,C10210,Store,4,USD,Completed
SO-502204,2025-09-22,11,2025-09-22,2025-09-26,C10079,Wholesale,3,USD,Completed
SO-502205,2025-09-22,17,2025-09-22,2025-09-24,C10406,Store,2,USD,Completed
SO-502206,2025-09-22,13,2025-09-22,2025-09-26,C10359,Online,1,USD,Completed
SO-502207,2025-09-22,11,2025-09-22,2025-09-25,C10016,Marketplace,1,USD,Completed
SO-502208,2025-09-22,12,2025-09-22,2025-09-24,C10003,Online,3,USD,Completed
SO-502209,2025-09-22,15,2025-09-22,2025-09-25,C10036,Online,4,USD,Completed
SO-502210,2025-09-23,10,2025-09-23,2025-09-25,C10042,Store,3,USD,Completed
SO-502211,2025-09-23,20,2025-09-23,2025-09-26,C10018,Staff,1,USD,Completed
SO-502212,2025-09-23,14,2025-09-23,2025-09-26,C10396,Online,1,USD,Completed
SO-502213,2025-09-23,18,2025-09-23,2025-09-27,C10240,Online,1,USD,Completed
SO-502214,2025-09-23,9,2025-09-23,2025-09-27,C10395,Store,1,USD,Completed
SO-502215,2025-09-23,18,2025-09-23,2025-09-29,C10266,Wholesale,3,USD,Completed
SO-502216,2025-09-23,22,2025-09-23,2025-09-25,C10202,Staff,4,USD,Completed
SO-502217,2025-09-24,15,2025-09-24,2025-09-25,C10349,Store,4,USD,Completed
SO-502218,2025-09-24,18,2025-09-24,2025-09-26,C10013,Store,4,USD,Completed
SO-502219,2025-09-24,19,2025-09-24,2025-09-28,C10148,Wholesale,5,EUR,Completed
SO-502220,2025-09-24,10,2025-09-24,2025-09-27,C10200,Marketplace,2,USD,Completed
SO-502221,2025-09-24,15,2025-09-24,2025-09-27,C10116,Online,2,USD,Completed
SO-502222,2025-09-24,15,2025-09-24,2025-09-26,C10042,Online,3,USD,Completed
SO-502223,2025-09-24,14,2025-09-24,2025-09-26,C10035,Marketplace,3,USD,Completed
SO-502224,2025-09-25,19,2025-09-25,2025-09-27,C10290,Store,5,EUR,Completed
SO-502225,2025-09-25,13,2025-09-25,2025-09-29,C10153,Store,1,USD,Completed
SO-502226,2025-09-25,8,2025-09-25,2025-09-26,C10145,Online,1,USD,Completed
SO-502227,2025-09-25,8,2025-09-25,2025-09-29,C10348,Online,1,USD,Completed
SO-502228,2025-09-25,18,2025-09-25,2025-09-26,C10101,Store,2,USD,Completed
SO-502229,2025-09-25,20,2025-09-25,2025-09-28,C10407,Online,2,USD,Completed
SO-502230,2025-09-26,8,2025-09-26,2025-09-27,C10130,Online,1,USD,Completed
SO-502231,2025-09-26,14,2025-09-26,2025-09-27,C10387,Store,1,USD,Completed
SO-502232,2025-09-26,10,2025-09-26,2025-09-27,C10076,Store,2,USD,Completed
SO-502233,2025-09-26,12,2025-09-26,2025-10-03,C10325,Wholesale,2,USD,Completed
SO-502234,2025-09-26,12,2025-09-26,2025-09-29,C10355,Online,2,USD,Completed
SO-502235,2025-09-26,9,2025-09-26,2025-09-27,C10169,Online,2,USD,Completed
SO-502236,2025-09-27,18,2025-09-27,2025-09-29,C10133,Store,1,USD,Completed
SO-502237,2025-09-27,10,2025-09-27,2025-10-01,C10053,Online,2,USD,Completed
SO-502238,2025-09-27,9,2025-09-27,2025-10-01,C10177,Store,1,USD,Completed
SO-502239,2025-09-27,13,2025-09-27,2025-10-01,C10192,Online,3,USD,Completed
SO-502240,2025-09-27,16,2025-09-27,,C10328,Online,1,USD,Cancelled
SO-502241,2025-09-27,9,2025-09-27,2025-09-30,C10117,Online,2,USD,Completed
SO-502242,2025-09-27,15,2025-09-27,2025-09-28,C10390,Marketplace,1,USD,Completed
SO-502243,2025-09-27,21,2025-09-27,2025-10-01,C10228,Online,3,USD,Completed
SO-502244,2025-09-27,22,2025-09-27,2025-10-01,C10056,Online,2,USD,Completed
SO-502245,2025-09-27,8,2025-09-27,2025-10-04,C10266,Wholesale,3,USD,Completed
SO-502246,2025-09-28,9,2025-09-28,2025-09-29,C10372,Online,2,USD,Completed
SO-502247,2025-09-28,10,2025-09-28,2025-09-29,C10025,Online,2,USD,Completed
SO-502248,2025-09-28,15,2025-09-28,2025-09-29,C10126,Store,5,EUR,Completed
SO-502249,2025-09-28,9,2025-09-28,2025-09-30,C10081,Online,3,USD,Completed
SO-502250,2025-09-28,10,2025-09-28,2025-10-01,C10373,Online,4,USD,Completed
SO-502251,2025-09-28,22,2025-09-28,2025-09-29,C10037,Store,3,USD,Completed
SO-502252,2025-09-28,17,2025-09-28,2025-09-30,C10403,Online,2,USD,Completed
SO-502253,2025-09-28,16,2025-09-28,2025-10-01,C10296,Store,5,EUR,Completed
SO-502254,2025-09-29,19,2025-09-29,2025-10-03,C10259,Online,4,USD,Completed
SO-502255,2025-09-29,22,2025-09-29,2025-10-03,C10323,Online,2,USD,Completed
SO-502256,2025-09-29,11,2025-09-29,2025-10-01,C10090,Store,3,USD,Completed
SO-502257,2025-09-29,17,2025-09-29,2025-10-02,C10103,Store,5,EUR,Completed
SO-502258,2025-09-29,21,2025-09-29,2025-10-01,C10336,Online,3,USD,Completed
SO-502259,2025-09-29,15,2025-09-29,,C10042,Marketplace,3,USD,Cancelled
SO-502260,2025-09-29,12,2025-09-29,2025-10-02,C10157,Store,3,USD,Completed
SO-502261,2025-09-30,14,2025-09-30,2025-10-01,C10043,Online,5,EUR,Completed
SO-502262,2025-09-30,11,2025-09-30,2025-10-07,C10197,Wholesale,3,USD,Completed
SO-502263,2025-09-30,22,2025-10-01,2025-10-02,C10326,Online,2,USD,Completed
SO-502264,2025-09-30,17,2025-09-30,2025-10-03,C10248,Store,1,USD,Completed
SO-502265,2025-09-30,15,2025-09-30,2025-10-03,C10188,Online,1,USD,Completed
SO-502266,2025-09-30,11,2025-09-30,2025-10-03,C10337,Online,2,USD,Completed
SO-502267,2025-09-30,17,2025-09-30,2025-10-02,C10346,Online,1,USD,Completed
SO-502268,2025-09-30,8,2025-09-30,2025-10-04,C10348,Online,1,USD,Completed
SO-502269,2025-09-30,12,2025-09-30,2025-10-01,C10298,Online,2,USD,Completed
SO-502270,2025-10-01,10,2025-10-01,2025-10-02,C10117,Online,2,USD,Completed
SO-502271,2025-10-01,20,2025-10-01,2025-10-02,C10357,Marketplace,1,USD,Completed
SO-502272,2025-10-01,11,2025-10-01,2025-10-05,C10323,Online,2,USD,Completed
SO-502273,2025-10-01,17,2025-10-01,2025-10-03,C10047,Store,4,USD,Completed
SO-502274,2025-10-01,8,2025-10-01,2025-10-05,C10113,Online,4,USD,Completed
SO-502275,2025-10-01,8,2025-10-01,2025-10-03,C10203,Marketplace,3,USD,Completed
SO-502276,2025-10-02,20,2025-10-02,2025-10-04,C10021,Online,3,USD,Completed
SO-502277,2025-10-02,19,2025-10-02,2025-10-03,C10168,Marketplace,1,USD,Completed
SO-502278,2025-10-02,22,2025-10-02,2025-10-06,C10250,Marketplace,4,USD,Completed
SO-502279,2025-10-02,10,2025-10-02,2025-10-03,C10290,Store,5,EUR,Completed
SO-502280,2025-10-02,21,2025-10-02,2025-10-06,C10353,Marketplace,2,USD,Completed
SO-502281,2025-10-02,12,2025-10-02,2025-10-05,C10094,Store,3,USD,Completed
SO-502282,2025-10-02,12,2025-10-02,2025-10-04,C10259,Store,4,USD,Completed
SO-502283,2025-10-03,17,2025-10-03,2025-10-06,C10099,Online,5,EUR,Completed
SO-502284,2025-10-03,10,2025-10-03,2025-10-05,C10173,Online,4,USD,Completed
SO-502285,2025-10-03,9,2025-10-03,2025-10-04,C10189,Online,5,EUR,Completed
SO-502286,2025-10-03,12,2025-10-03,2025-10-05,C10048,Store,1,USD,Completed
SO-502287,2025-10-03,15,2025-10-03,2025-10-04,C10392,Store,5,EUR,Completed
SO-502288,2025-10-03,10,2025-10-03,2025-10-07,C10388,Online,3,USD,Completed
SO-502289,2025-10-03,8,2025-10-03,2025-10-04,C10145,Online,1,USD,Completed
SO-502290,2025-10-04,13,2025-10-04,2025-10-06,C10276,Store,2,USD,Completed
SO-502291,2025-10-04,22,2025-10-04,2025-10-05,C10136,Online,3,USD,Completed
SO-502292,2025-10-04,22,2025-10-04,2025-10-07,C10342,Online,5,EUR,Completed
SO-502293,2025-10-04,9,2025-10-04,2025-10-05,C10378,Online,2,USD,Completed
SO-502294,2025-10-04,14,2025-10-04,2025-10-08,C10323,Online,2,USD,Completed
SO-502295,2025-10-04,22,2025-10-04,2025-10-06,C10357,Store,1,USD,Completed
SO-502296,2025-10-04,20,2025-10-04,2025-10-06,C10328,Online,1,USD,Completed
SO-502297,2025-10-04,22,2025-10-04,2025-10-08,C10336,Online,3,USD,Completed
SO-502298,2025-10-05,21,2025-10-05,2025-10-08,C10042,Store,3,USD,Completed
SO-502299,2025-10-05,11,2025-10-05,2025-10-09,C10350,Online,4,USD,Completed
SO-502300,2025-10-05,20,2025-10-05,2025-10-08,C10229,Store,2,USD,Completed
SO-502301,2025-10-05,14,2025-10-05,2025-10-07,C10197,Store,3,USD,Completed
SO-502302,2025-10-05,19,2025-10-05,2025-10-09,C10281,Store,3,USD,Completed
SO-502303,2025-10-05,21,2025-10-05,2025-10-07,C10041,Store,4,USD,Completed
SO-502304,2025-10-05,15,2025-10-05,2025-10-08,C10201,Online,3,USD,Completed
SO-502305,2025-10-05,15,2025-10-05,2025-10-08,C10007,Online,1,USD,Completed
SO-502306,2025-10-05,17,2025-10-05,2025-10-06,C10233,Online,3,USD,Completed
SO-502307,2025-10-05,17,2025-10-05,2025-10-06,C10130,Store,1,USD,Completed
SO-502308,2025-10-06,16,2025-10-06,2025-10-09,C10281,Online,3,USD,Completed
SO-502309,2025-10-06,8,2025-10-06,2025-10-07,C10076,Store,2,USD,Completed
SO-502310,2025-10-06,14,2025-10-06,2025-10-10,C10419,Store,2,USD,Completed
SO-502311,2025-10-06,16,2025-10-06,2025-10-08,C10393,Online,2,USD,Completed
SO-502312,2025-10-06,18,2025-10-06,2025-10-10,C10124,Marketplace,3,USD,Completed
SO-502313,2025-10-06,19,2025-10-06,2025-10-07,C10110,Online,1,USD,Completed
SO-502314,2025-10-07,15,2025-10-07,2025-10-08,C10018,Store,1,USD,Completed
SO-502315,2025-10-07,20,2025-10-07,2025-10-10,C10239,Online,2,USD,Completed
SO-502316,2025-10-07,21,2025-10-07,2025-10-09,C10377,Store,3,USD,Completed
SO-502317,2025-10-07,18,2025-10-07,2025-10-11,C10018,Online,1,USD,Completed
SO-502318,2025-10-07,14,2025-10-07,2025-10-08,C10231,Online,3,USD,Completed
SO-502319,2025-10-07,15,2025-10-07,2025-10-11,C10356,Online,3,USD,Completed
SO-502320,2025-10-08,14,2025-10-08,2025-10-12,C10180,Store,2,USD,Completed
SO-502321,2025-10-08,14,2025-10-08,2025-10-09,C10045,Online,1,USD,Completed
SO-502322,2025-10-08,13,2025-10-08,2025-10-10,C10041,Online,4,USD,Completed
SO-502323,2025-10-08,12,2025-10-08,2025-10-13,C10348,Wholesale,1,USD,Completed
SO-502324,2025-10-08,18,2025-10-08,2025-10-14,C10077,Wholesale,4,USD,Completed
SO-502325,2025-10-09,21,2025-10-09,2025-10-11,C10258,Store,3,USD,Completed
SO-502326,2025-10-09,12,2025-10-09,2025-10-11,C10042,Online,3,USD,Completed
SO-502327,2025-10-09,11,2025-10-09,2025-10-12,C10121,Store,4,USD,Completed
SO-502328,2025-10-09,17,2025-10-09,2025-10-12,C10320,Store,3,USD,Completed
SO-502329,2025-10-09,11,2025-10-09,2025-10-10,C10381,Online,4,USD,Completed
SO-502330,2025-10-09,8,2025-10-09,2025-10-10,C10183,Online,2,USD,Completed
SO-502331,2025-10-10,8,2025-10-10,2025-10-13,C10029,Online,1,USD,Completed
SO-502332,2025-10-10,17,2025-10-10,2025-10-14,C10301,Store,1,USD,Completed
SO-502333,2025-10-10,18,2025-10-10,2025-10-14,C10178,Store,1,USD,Completed
SO-502334,2025-10-10,22,2025-10-10,2025-10-12,C10205,Online,1,USD,Completed
SO-502335,2025-10-10,12,2025-10-10,2025-10-12,C10077,Wholesale,1,USD,Completed
SO-502336,2025-10-10,14,2025-10-10,2025-10-11,C10300,Marketplace,4,USD,Completed
SO-502337,2025-10-10,18,2025-10-10,2025-10-13,C10099,Online,5,EUR,Completed
SO-502338,2025-10-11,17,2025-10-11,2025-10-12,C10017,Online,1,USD,Completed
SO-502339,2025-10-11,13,2025-10-11,,C10022,Store,5,EUR,Cancelled
SO-502340,2025-10-11,18,2025-10-11,2025-10-12,C10350,Marketplace,1,USD,Completed
SO-502341,2025-10-11,8,2025-10-11,2025-10-14,C10208,Store,1,USD,Completed
SO-502342,2025-10-11,11,2025-10-11,2025-10-15,C10213,Store,1,USD,Completed
SO-502343,2025-10-11,13,2025-10-11,2025-10-14,C10295,Store,5,EUR,Completed
SO-502344,2025-10-11,13,2025-10-11,2025-10-12,C10019,Store,3,USD,Completed
SO-502345,2025-10-11,15,2025-10-11,2025-10-13,C10018,Store,1,USD,Completed
SO-502346,2025-10-12,16,2025-10-12,2025-10-16,C10258,Online,3,USD,Completed
SO-502347,2025-10-12,12,2025-10-12,2025-10-13,C10377,Marketplace,3,USD,Completed
SO-502348,2025-10-12,10,2025-10-12,2025-10-16,C10135,Online,1,USD,Completed
SO-502349,2025-10-12,16,2025-10-12,2025-10-14,C10139,Store,1,USD,Completed
SO-502350,2025-10-12,18,2025-10-12,2025-10-13,C10173,Store,1,USD,Completed
SO-502351,2025-10-12,15,2025-10-12,2025-10-16,C10250,Online,4,USD,Completed
SO-502352,2025-10-12,11,2025-10-12,2025-10-14,C10090,Online,3,USD,Completed
SO-502353,2025-10-12,8,2025-10-12,2025-10-16,C10163,Online,3,USD,Completed
SO-502354,2025-10-12,20,2025-10-12,2025-10-16,C10275,Online,2,USD,Completed
SO-502355,2025-10-13,9,2025-10-13,2025-10-14,C10310,Online,5,EUR,Completed
SO-502356,2025-10-13,16,2025-10-13,,C10201,Store,3,USD,Cancelled
SO-502357,2025-10-13,19,2025-10-13,2025-10-15,C10345,Store,2,USD,Completed
SO-502358,2025-10-13,9,2025-10-13,2025-10-14,C10400,Online,1,USD,Completed
SO-502359,2025-10-13,11,2025-10-13,2025-10-16,C10349,Online,4,USD,Completed
SO-502360,2025-10-13,11,2025-10-13,2025-10-14,C10090,Marketplace,3,USD,Completed
SO-502361,2025-10-13,9,2025-10-13,2025-10-14,C10018,Staff,3,USD,Completed
SO-502362,2025-10-13,17,2025-10-13,2025-10-15,C10177,Wholesale,1,USD,Completed
SO-502363,2025-10-13,14,2025-10-13,2025-10-14,C10356,Online,3,USD,Completed
SO-502364,2025-10-14,17,2025-10-14,2025-10-17,C10056,Store,2,USD,Completed
SO-502365,2025-10-14,15,2025-10-14,2025-10-16,C10304,Store,2,USD,Completed
SO-502366,2025-10-14,9,2025-10-14,2025-10-18,C10049,Marketplace,2,USD,Completed
SO-502367,2025-10-14,8,2025-10-14,2025-10-17,C10391,Store,2,USD,Completed
SO-502368,2025-10-14,10,2025-10-14,2025-10-16,C10033,Store,3,USD,Completed
SO-502369,2025-10-14,17,2025-10-14,2025-10-18,C10414,Marketplace,5,EUR,Completed
SO-502370,2025-10-14,19,2025-10-14,2025-10-16,C10040,Online,1,USD,Completed
SO-502371,2025-10-14,17,2025-10-14,2025-10-15,C10284,Online,4,USD,Completed
SO-502372,2025-10-15,20,2025-10-15,,C10037,Store,3,USD,Cancelled
SO-502373,2025-10-15,12,2025-10-15,2025-10-16,C10234,Online,5,EUR,Completed
SO-502374,2025-10-15,16,2025-10-15,2025-10-16,C10106,Online,3,USD,Completed
SO-502375,2025-10-15,9,2025-10-15,2025-10-17,C10090,Marketplace,3,USD,Completed
SO-502376,2025-10-15,13,2025-10-15,2025-10-18,C10250,Online,4,USD,Completed
SO-502377,2025-10-15,10,2025-10-15,2025-10-17,C10383,Online,4,USD,Completed
SO-502378,2025-10-16,11,2025-10-16,2025-10-20,C10380,Online,1,USD,Completed
SO-502379,2025-10-16,19,2025-10-16,2025-10-19,C10420,Store,4,USD,Completed
SO-502380,2025-10-16,22,2025-10-16,2025-10-17,C10406,Online,2,USD,Completed
SO-502381,2025-10-16,11,2025-10-16,2025-10-20,C10113,Online,3,USD,Completed
SO-502382,2025-10-16,21,2025-10-16,2025-10-19,C10395,Store,1,USD,Completed
SO-502383,2025-10-16,21,2025-10-16,2025-10-20,C10259,Online,4,USD,Completed
SO-502384,2025-10-17,20,2025-10-17,2025-10-21,C10414,Online,5,EUR,Completed
SO-502385,2025-10-17,21,2025-10-17,2025-10-20,C10233,Marketplace,1,USD,Completed
SO-502386,2025-10-17,13,2025-10-17,2025-10-21,C10086,Store,5,EUR,Completed
SO-502387,2025-10-17,21,2025-10-17,2025-10-21,C10277,Store,2,USD,Completed
SO-502388,2025-10-17,13,2025-10-17,2025-10-20,C10230,Online,1,USD,Completed
SO-502389,2025-10-17,19,2025-10-17,2025-10-18,C10263,Online,1,USD,Completed
SO-502390,2025-10-17,13,2025-10-17,2025-10-20,C10152,Store,5,EUR,Completed
SO-502391,2025-10-17,14,2025-10-17,2025-10-18,C10170,Online,3,USD,Completed
SO-502392,2025-10-18,9,2025-10-18,2025-10-22,C10259,Store,4,USD,Completed
SO-502393,2025-10-18,13,2025-10-18,,C10231,Store,3,USD,Cancelled
SO-502394,2025-10-18,19,2025-10-18,2025-10-20,C10201,Online,3,USD,Completed
SO-502395,2025-10-18,13,2025-10-18,2025-10-21,C10357,Wholesale,1,USD,Completed
SO-502396,2025-10-18,22,2025-10-18,2025-10-21,C10390,Store,3,USD,Completed
SO-502397,2025-10-18,22,2025-10-18,2025-10-20,C10089,Online,2,USD,Completed
SO-502398,2025-10-18,9,2025-10-18,2025-10-22,C10375,Online,3,USD,Completed
SO-502399,2025-10-18,21,2025-10-18,2025-10-19,C10322,Online,1,USD,Completed
SO-502400,2025-10-18,12,2025-10-18,2025-10-19,C10141,Wholesale,1,USD,Completed
SO-502401,2025-10-18,10,2025-10-18,2025-10-21,C10056,Staff,2,USD,Completed
SO-502402,2025-10-18,10,2025-10-18,2025-10-19,C10391,Store,2,USD,Completed
SO-502403,2025-10-19,11,2025-10-19,2025-10-20,C10304,Staff,2,USD,Completed
SO-502404,2025-10-19,18,2025-10-19,2025-10-20,C10122,Online,3,USD,Completed
SO-502405,2025-10-19,16,2025-10-19,2025-10-23,C10368,Online,1,USD,Completed
SO-502406,2025-10-19,22,2025-10-19,2025-10-22,C10189,Online,5,EUR,Completed
SO-502407,2025-10-19,11,2025-10-19,2025-10-22,C10294,Online,1,USD,Completed
SO-502408,2025-10-19,13,2025-10-19,2025-10-22,C10321,Online,1,USD,Completed
SO-502409,2025-10-19,8,2025-10-19,2025-10-22,C10126,Online,5,EUR,Completed
SO-502410,2025-10-19,22,2025-10-19,2025-10-22,C10051,Store,2,USD,Completed
SO-502411,2025-10-19,15,2025-10-19,2025-10-20,C10056,Store,2,USD,Completed
SO-502412,2025-10-19,16,2025-10-19,2025-10-22,C10410,Online,3,USD,Completed
SO-502413,2025-10-20,11,2025-10-20,2025-10-24,C10041,Online,1,USD,Completed
SO-502414,2025-10-20,13,2025-10-20,2025-10-23,C10148,Store,5,EUR,Completed
SO-502415,2025-10-20,22,2025-10-20,2025-10-22,C10250,Online,4,USD,Completed
SO-502416,2025-10-20,8,2025-10-20,2025-10-21,C10265,Store,4,USD,Completed
SO-502417,2025-10-20,8,2025-10-20,2025-10-21,C10064,Online,5,EUR,Completed
SO-502418,2025-10-21,15,2025-10-21,2025-10-25,C10379,Online,2,USD,Completed
SO-502419,2025-10-21,15,2025-10-21,2025-10-23,C10188,Store,1,USD,Completed
SO-502420,2025-10-21,10,2025-10-21,2025-10-23,C10049,Online,2,USD,Completed
SO-502421,2025-10-21,22,2025-10-21,2025-10-25,C10072,Store,3,USD,Completed
SO-502422,2025-10-21,8,2025-10-21,2025-10-24,C10420,Marketplace,1,USD,Completed
SO-502423,2025-10-21,11,2025-10-21,2025-10-25,C10289,Store,4,USD,Completed
SO-502424,2025-10-21,15,2025-10-21,2025-10-25,C10059,Wholesale,4,USD,Completed
SO-502425,2025-10-21,12,2025-10-21,2025-10-23,C10357,Store,1,USD,Completed
SO-502426,2025-10-22,20,2025-10-22,2025-10-24,C10018,Online,1,USD,Completed
SO-502427,2025-10-22,17,2025-10-22,2025-10-26,C10201,Store,3,USD,Completed
SO-502428,2025-10-22,9,2025-10-22,2025-10-26,C10215,Wholesale,2,USD,Completed
SO-502429,2025-10-22,12,2025-10-22,2025-10-26,C10341,Store,2,USD,Completed
SO-502430,2025-10-22,14,2025-10-22,2025-10-23,C10247,Online,5,EUR,Completed
SO-502431,2025-10-22,10,2025-10-22,2025-10-24,C10196,Online,4,USD,Completed
SO-502432,2025-10-23,13,2025-10-23,2025-10-24,C10157,Marketplace,4,USD,Completed
SO-502433,2025-10-23,17,2025-10-23,2025-10-24,C10104,Store,3,USD,Completed
SO-502434,2025-10-23,11,2025-10-23,2025-10-27,C10297,Store,2,USD,Completed
SO-502435,2025-10-23,13,2025-10-23,2025-10-27,C10113,Online,3,USD,Completed
SO-502436,2025-10-23,15,2025-10-23,2025-10-25,C10020,Store,1,USD,Completed
SO-502437,2025-10-23,20,2025-10-23,2025-10-25,C10072,Online,3,USD,Completed
SO-502438,2025-10-23,16,2025-10-23,2025-10-24,C10056,Store,2,USD,Completed
SO-502439,2025-10-23,16,2025-10-23,2025-10-24,C10213,Store,1,USD,Completed
SO-502440,2025-10-24,13,2025-10-24,2025-10-26,C10400,Online,3,USD,Completed
SO-502441,2025-10-24,9,2025-10-24,2025-10-26,C10248,Store,4,USD,Completed
SO-502442,2025-10-24,19,2025-10-24,2025-10-26,C10048,Marketplace,1,USD,Completed
SO-502443,2025-10-24,8,2025-10-24,2025-10-25,C10328,Store,1,USD,Completed
SO-502444,2025-10-24,10,2025-10-24,2025-10-25,C10107,Store,1,USD,Completed
SO-502445,2025-10-25,18,2025-10-25,2025-10-30,C10077,Wholesale,4,USD,Completed
SO-502446,2025-10-25,17,2025-10-25,2025-10-28,C10259,Online,4,USD,Completed
SO-502447,2025-10-25,20,2025-10-25,2025-10-27,C10155,Online,2,USD,Completed
SO-502448,2025-10-25,14,2025-10-25,2025-10-27,C10408,Online,2,USD,Completed
SO-502449,2025-10-25,18,2025-10-25,2025-10-28,C10203,Online,3,USD,Completed
SO-502450,2025-10-25,22,2025-10-25,2025-10-26,C10089,Store,1,USD,Completed
SO-502451,2025-10-25,13,2025-10-25,2025-10-26,C10328,Store,1,USD,Completed
SO-502452,2025-10-25,19,2025-10-25,2025-10-27,C10183,Store,2,USD,Completed
SO-502453,2025-10-26,9,2025-10-26,2025-10-28,C10189,Online,5,EUR,Completed
SO-502454,2025-10-26,22,2025-10-26,2025-10-29,C10416,Store,3,USD,Completed
SO-502455,2025-10-26,20,2025-10-26,2025-10-30,C10075,Store,3,USD,Completed
SO-502456,2025-10-26,18,2025-10-26,2025-10-30,C10360,Marketplace,1,USD,Completed
SO-502457,2025-10-26,15,2025-10-26,2025-10-29,C10005,Store,4,USD,Completed
SO-502458,2025-10-26,22,2025-10-26,2025-10-30,C10148,Marketplace,5,EUR,Completed
SO-502459,2025-10-26,13,2025-10-26,2025-10-30,C10061,Online,3,USD,Completed
SO-502460,2025-10-26,10,2025-10-26,2025-10-29,C10064,Store,5,EUR,Completed
SO-502461,2025-10-26,9,2025-10-26,2025-10-30,C10082,Store,1,USD,Completed
SO-502462,2025-10-27,13,2025-10-27,2025-10-28,C10040,Store,1,USD,Completed
SO-502463,2025-10-27,21,2025-10-27,2025-10-30,C10282,Online,3,USD,Completed
SO-502464,2025-10-27,22,2025-10-27,2025-10-28,C10407,Online,4,USD,Completed
SO-502465,2025-10-27,20,2025-10-27,2025-10-29,C10292,Store,5,EUR,Completed
SO-502466,2025-10-27,17,2025-10-27,2025-10-29,C10283,Online,2,USD,Completed
SO-502467,2025-10-27,11,2025-10-27,2025-10-31,C10327,Online,3,USD,Completed
SO-502468,2025-10-27,16,2025-10-27,2025-10-31,C10061,Store,3,USD,Completed
SO-502469,2025-10-27,9,2025-10-27,2025-10-28,C10370,Marketplace,1,USD,Completed
SO-502470,2025-10-27,21,2025-10-27,2025-10-30,C10297,Online,2,USD,Completed
SO-502471,2025-10-28,9,2025-10-28,2025-10-29,C10062,Store,3,USD,Completed
SO-502472,2025-10-28,15,2025-10-28,2025-10-31,C10042,Store,3,USD,Completed
SO-502473,2025-10-28,15,2025-10-28,2025-10-31,C10166,Online,1,USD,Completed
SO-502474,2025-10-28,14,2025-10-28,2025-10-31,C10266,Wholesale,3,USD,Completed
SO-502475,2025-10-28,19,2025-10-28,2025-10-31,C10370,Store,1,USD,Completed
SO-502476,2025-10-28,11,2025-10-28,2025-11-01,C10163,Online,3,USD,Completed
SO-502477,2025-10-28,19,2025-10-28,2025-10-30,C10260,Marketplace,1,USD,Completed
SO-502478,2025-10-28,8,2025-10-28,2025-11-01,C10264,Store,4,USD,Completed
SO-502479,2025-10-29,22,2025-10-29,2025-10-31,C10338,Store,2,USD,Completed
SO-502480,2025-10-29,17,2025-10-29,2025-10-31,C10021,Online,3,USD,Completed
SO-502481,2025-10-29,20,2025-10-29,2025-10-30,C10181,Store,3,USD,Completed
SO-502482,2025-10-29,13,2025-10-29,2025-11-02,C10173,Marketplace,3,USD,Completed
SO-502483,2025-10-29,19,2025-10-29,2025-11-01,C10189,Marketplace,5,EUR,Completed
SO-502484,2025-10-29,17,2025-10-29,2025-11-01,C10058,Store,3,USD,Completed
SO-502485,2025-10-29,8,2025-10-29,2025-10-30,C10036,Online,2,USD,Completed
SO-502486,2025-10-30,12,2025-10-30,2025-11-02,C10150,Store,4,USD,Completed
SO-502487,2025-10-30,11,2025-10-30,,C10051,Store,1,USD,Cancelled
SO-502488,2025-10-30,11,2025-10-30,2025-11-03,C10324,Online,2,USD,Completed
SO-502489,2025-10-30,16,2025-10-30,2025-11-03,C10390,Online,3,USD,Completed
SO-502490,2025-10-30,15,2025-10-30,2025-10-31,C10348,Store,1,USD,Completed
SO-502491,2025-10-30,8,2025-10-30,2025-11-01,C10189,Store,5,EUR,Completed
SO-502492,2025-10-31,20,2025-11-01,2025-11-02,C10122,Marketplace,3,USD,Completed
SO-502493,2025-10-31,11,2025-10-31,2025-11-03,C10145,Store,1,USD,Completed
SO-502494,2025-10-31,22,2025-11-01,2025-11-04,C10088,Online,3,USD,Completed
SO-502495,2025-10-31,14,2025-10-31,2025-11-04,C10384,Marketplace,3,USD,Completed
SO-502496,2025-10-31,17,2025-10-31,2025-11-03,C10077,Wholesale,4,USD,Completed
SO-502497,2025-10-31,17,2025-10-31,2025-11-04,C10275,Online,2,USD,Completed
SO-502498,2025-10-31,21,2025-11-01,2025-11-02,C10210,Store,2,USD,Completed
SO-502499,2025-10-31,13,2025-10-31,2025-11-01,C10355,Store,2,USD,Completed
SO-502500,2025-11-01,13,2025-11-01,2025-11-04,C10207,Online,3,USD,Completed
SO-502501,2025-11-01,10,2025-11-01,2025-11-05,C10274,Marketplace,5,EUR,Completed
SO-502502,2025-11-01,8,2025-11-01,2025-11-02,C10185,Online,1,USD,Completed
SO-502503,2025-11-01,22,2025-11-01,2025-11-05,C10093,Online,1,USD,Completed
SO-502504,2025-11-01,10,2025-11-01,2025-11-04,C10217,Store,3,USD,Completed
SO-502505,2025-11-01,21,2025-11-01,2025-11-04,C10327,Marketplace,3,USD,Completed
SO-502506,2025-11-01,13,2025-11-01,2025-11-05,C10201,Marketplace,3,USD,Completed
SO-502507,2025-11-01,13,2025-11-01,2025-11-05,C10350,Marketplace,1,USD,Completed
SO-502508,2025-11-01,19,2025-11-01,2025-11-03,C10319,Store,1,USD,Completed
SO-502509,2025-11-02,8,2025-11-02,2025-11-03,C10387,Store,1,USD,Completed
SO-502510,2025-11-02,13,2025-11-02,2025-11-03,C10391,Online,3,USD,Completed
SO-502511,2025-11-02,14,2025-11-02,2025-11-03,C10370,Online,1,USD,Completed
SO-502512,2025-11-02,8,2025-11-02,2025-11-03,C10308,Store,1,USD,Completed
SO-502513,2025-11-02,12,2025-11-02,2025-11-04,C10349,Online,4,USD,Completed
SO-502514,2025-11-02,8,2025-11-02,2025-11-03,C10376,Online,1,USD,Completed
SO-502515,2025-11-02,17,2025-11-02,2025-11-05,C10221,Online,1,USD,Completed
SO-502516,2025-11-02,22,2025-11-02,2025-11-04,C10207,Store,3,USD,Completed
SO-502517,2025-11-02,21,2025-11-02,2025-11-06,C10259,Store,2,USD,Completed
SO-502518,2025-11-02,13,2025-11-02,2025-11-03,C10148,Online,5,EUR,Completed
SO-502519,2025-11-02,18,2025-11-02,2025-11-03,C10038,Marketplace,3,USD,Completed
SO-502520,2025-11-03,16,2025-11-03,2025-11-08,C10148,Wholesale,5,EUR,Completed
SO-502521,2025-11-03,22,2025-11-03,2025-11-06,C10005,Store,4,USD,Completed
SO-502522,2025-11-03,20,2025-11-03,2025-11-04,C10121,Marketplace,4,USD,Completed
SO-502523,2025-11-03,18,2025-11-03,2025-11-10,C10077,Wholesale,4,USD,Completed
SO-502524,2025-11-03,19,2025-11-03,2025-11-04,C10342,Store,5,EUR,Completed
SO-502525,2025-11-03,11,2025-11-03,2025-11-04,C10411,Online,2,USD,Completed
SO-502526,2025-11-03,9,2025-11-03,,C10100,Store,4,USD,Cancelled
SO-502527,2025-11-03,12,2025-11-03,2025-11-05,C10008,Store,3,USD,Completed
SO-502528,2025-11-03,11,2025-11-03,2025-11-06,C10195,Staff,3,USD,Completed
SO-502529,2025-11-03,9,2025-11-03,2025-11-04,C10242,Store,2,USD,Completed
SO-502530,2025-11-04,17,2025-11-04,2025-11-07,C10156,Online,5,EUR,Completed
SO-502531,2025-11-04,8,2025-11-04,2025-11-06,C10189,Store,5,EUR,Completed
SO-502532,2025-11-04,19,2025-11-04,2025-11-06,C10402,Online,4,USD,Completed
SO-502533,2025-11-04,17,2025-11-04,2025-11-09,C10259,Wholesale,4,USD,Completed
SO-502534,2025-11-04,21,2025-11-04,2025-11-05,C10189,Store,5,EUR,Completed
SO-502535,2025-11-04,18,2025-11-04,2025-11-08,C10304,Store,2,USD,Completed
SO-502536,2025-11-04,9,2025-11-04,2025-11-07,C10324,Online,3,USD,Completed
SO-502537,2025-11-04,16,2025-11-04,2025-11-05,C10133,Online,2,USD,Completed
SO-502538,2025-11-05,17,2025-11-05,2025-11-08,C10044,Store,4,USD,Completed
SO-502539,2025-11-05,9,2025-11-05,2025-11-08,C10022,Online,5,EUR,Completed
SO-502540,2025-11-05,17,2025-11-05,2025-11-07,C10248,Marketplace,1,USD,Completed
SO-502541,2025-11-05,21,2025-11-05,2025-11-06,C10352,Store,1,USD,Completed
SO-502542,2025-11-05,9,2025-11-05,2025-11-06,C10141,Online,1,USD,Completed
SO-502543,2025-11-05,14,2025-11-05,2025-11-06,C10370,Online,1,USD,Completed
SO-502544,2025-11-05,9,2025-11-05,2025-11-09,C10042,Store,3,USD,Completed
SO-502545,2025-11-05,22,2025-11-05,2025-11-08,C10376,Marketplace,1,USD,Completed
SO-502546,2025-11-05,18,2025-11-05,2025-11-06,C10319,Marketplace,3,USD,Completed
SO-502547,2025-11-05,16,2025-11-05,2025-11-06,C10385,Online,1,USD,Completed
SO-502548,2025-11-06,8,2025-11-06,2025-11-10,C10380,Store,2,USD,Completed
SO-502549,2025-11-06,9,2025-11-06,2025-11-10,C10144,Online,4,USD,Completed
SO-502550,2025-11-06,18,2025-11-06,2025-11-10,C10378,Store,2,USD,Completed
SO-502551,2025-11-06,10,2025-11-06,2025-11-13,C10394,Wholesale,5,EUR,Completed
SO-502552,2025-11-06,17,2025-11-06,2025-11-07,C10259,Online,4,USD,Completed
SO-502553,2025-11-06,22,2025-11-06,2025-11-11,C10077,Wholesale,4,USD,Completed
SO-502554,2025-11-06,14,2025-11-06,2025-11-08,C10199,Store,5,EUR,Completed
SO-502555,2025-11-07,20,2025-11-07,2025-11-10,C10364,Online,2,USD,Completed
SO-502556,2025-11-07,8,2025-11-07,2025-11-10,C10340,Store,1,USD,Completed
SO-502557,2025-11-07,21,2025-11-07,2025-11-10,C10308,Marketplace,1,USD,Completed
SO-502558,2025-11-07,17,2025-11-07,2025-11-10,C10419,Online,2,USD,Completed
SO-502559,2025-11-07,8,2025-11-07,2025-11-11,C10323,Store,2,USD,Completed
SO-502560,2025-11-07,17,2025-11-07,2025-11-10,C10304,Store,2,USD,Completed
SO-502561,2025-11-07,12,2025-11-07,2025-11-10,C10250,Online,4,USD,Completed
SO-502562,2025-11-08,21,2025-11-08,2025-11-12,C10022,Marketplace,5,EUR,Completed
SO-502563,2025-11-08,8,2025-11-08,2025-11-10,C10369,Online,4,USD,Completed
SO-502564,2025-11-08,14,2025-11-08,2025-11-09,C10346,Staff,1,USD,Completed
SO-502565,2025-11-08,18,2025-11-08,2025-11-12,C10415,Store,4,USD,Completed
SO-502566,2025-11-08,19,2025-11-08,2025-11-10,C10348,Online,1,USD,Completed
SO-502567,2025-11-08,13,2025-11-08,2025-11-12,C10042,Store,3,USD,Completed
SO-502568,2025-11-08,17,2025-11-08,2025-11-10,C10259,Online,4,USD,Completed
SO-502569,2025-11-08,21,2025-11-08,2025-11-09,C10106,Online,3,USD,Completed
SO-502570,2025-11-08,14,2025-11-08,2025-11-11,C10310,Online,5,EUR,Completed
SO-502571,2025-11-08,22,2025-11-08,2025-11-10,C10403,Marketplace,2,USD,Completed
SO-502572,2025-11-08,20,2025-11-08,2025-11-15,C10141,Wholesale,1,USD,Completed
SO-502573,2025-11-08,9,2025-11-08,2025-11-12,C10348,Store,1,USD,Completed
SO-502574,2025-11-09,10,2025-11-09,2025-11-13,C10042,Store,3,USD,Completed
SO-502575,2025-11-09,20,2025-11-09,2025-11-13,C10210,Store,2,USD,Completed
SO-502576,2025-11-09,20,2025-11-09,2025-11-10,C10044,Store,4,USD,Completed
SO-502577,2025-11-09,8,2025-11-09,2025-11-10,C10259,Store,1,USD,Completed
SO-502578,2025-11-09,17,2025-11-09,2025-11-12,C10002,Online,3,USD,Completed
SO-502579,2025-11-09,20,2025-11-09,2025-11-10,C10045,Store,1,USD,Completed
SO-502580,2025-11-09,15,2025-11-09,2025-11-12,C10204,Store,1,USD,Completed
SO-502581,2025-11-09,16,2025-11-09,2025-11-11,C10261,Online,3,USD,Completed
SO-502582,2025-11-09,15,2025-11-09,2025-11-10,C10209,Marketplace,2,USD,Completed
SO-502583,2025-11-09,19,2025-11-09,2025-11-13,C10357,Online,1,USD,Completed
SO-502584,2025-11-10,15,2025-11-10,2025-11-11,C10065,Store,1,USD,Completed
SO-502585,2025-11-10,22,2025-11-10,2025-11-13,C10077,Wholesale,4,USD,Completed
SO-502586,2025-11-10,10,2025-11-10,2025-11-12,C10171,Staff,2,USD,Completed
SO-502587,2025-11-10,15,2025-11-10,2025-11-11,C10300,Online,4,USD,Completed
SO-502588,2025-11-10,9,2025-11-10,2025-11-14,C10057,Online,1,USD,Completed
SO-502589,2025-11-10,9,2025-11-10,2025-11-12,C10113,Online,3,USD,Completed
SO-502590,2025-11-10,9,2025-11-10,2025-11-12,C10259,Online,4,USD,Completed
SO-502591,2025-11-10,16,2025-11-10,2025-11-13,C10297,Online,2,USD,Completed
SO-502592,2025-11-10,20,2025-11-10,2025-11-13,C10282,Online,3,USD,Completed
SO-502593,2025-11-10,13,2025-11-10,2025-11-13,C10024,Store,3,USD,Completed
SO-502594,2025-11-11,15,2025-11-11,2025-11-15,C10185,Online,2,USD,Completed
SO-502595,2025-11-11,12,2025-11-11,2025-11-15,C10077,Wholesale,4,USD,Completed
SO-502596,2025-11-11,17,2025-11-11,2025-11-13,C10055,Store,5,EUR,Completed
SO-502597,2025-11-11,9,2025-11-11,2025-11-12,C10195,Online,3,USD,Completed
SO-502598,2025-11-11,16,2025-11-11,2025-11-14,C10177,Store,4,USD,Completed
SO-502599,2025-11-11,22,2025-11-11,2025-11-13,C10086,Store,5,EUR,Completed
SO-502600,2025-11-11,17,2025-11-11,2025-11-15,C10077,Wholesale,4,USD,Completed
SO-502601,2025-11-11,12,2025-11-11,2025-11-13,C10201,Online,3,USD,Completed
SO-502602,2025-11-11,9,2025-11-11,2025-11-12,C10150,Online,4,USD,Completed
SO-502603,2025-11-12,12,2025-11-12,,C10148,Wholesale,5,EUR,Cancelled
SO-502604,2025-11-12,10,2025-11-12,2025-11-16,C10387,Online,1,USD,Completed
SO-502605,2025-11-12,20,2025-11-12,2025-11-15,C10404,Online,1,USD,Completed
SO-502606,2025-11-12,8,2025-11-12,2025-11-15,C10295,Store,5,EUR,Completed
SO-502607,2025-11-12,8,2025-11-12,2025-11-15,C10113,Staff,4,USD,Completed
SO-502608,2025-11-12,13,2025-11-12,2025-11-16,C10255,Store,3,USD,Completed
SO-502609,2025-11-12,8,2025-11-12,2025-11-14,C10198,Online,2,USD,Completed
SO-502610,2025-11-12,12,2025-11-12,2025-11-13,C10323,Online,2,USD,Completed
SO-502611,2025-11-13,17,2025-11-13,2025-11-17,C10416,Wholesale,3,USD,Completed
SO-502612,2025-11-13,8,2025-11-13,2025-11-14,C10113,Online,3,USD,Completed
SO-502613,2025-11-13,15,2025-11-13,2025-11-16,C10369,Online,4,USD,Completed
SO-502614,2025-11-13,14,2025-11-13,2025-11-17,C10127,Marketplace,3,USD,Completed
SO-502615,2025-11-13,12,2025-11-13,2025-11-14,C10028,Online,3,USD,Completed
SO-502616,2025-11-13,16,2025-11-13,2025-11-17,C10323,Online,2,USD,Completed
SO-502617,2025-11-13,19,2025-11-13,2025-11-16,C10296,Online,5,EUR,Completed
SO-502618,2025-11-13,19,2025-11-13,2025-11-15,C10300,Online,4,USD,Completed
SO-502619,2025-11-14,8,2025-11-14,2025-11-17,C10287,Marketplace,2,USD,Completed
SO-502620,2025-11-14,20,2025-11-14,2025-11-18,C10228,Store,3,USD,Completed
SO-502621,2025-11-14,14,2025-11-14,2025-11-16,C10202,Online,1,USD,Completed
SO-502622,2025-11-14,20,2025-11-14,2025-11-16,C10042,Store,3,USD,Completed
SO-502623,2025-11-14,22,2025-11-14,2025-11-16,C10040,Store,2,USD,Completed
SO-502624,2025-11-14,16,2025-11-14,2025-11-17,C10297,Store,2,USD,Completed
SO-502625,2025-11-14,13,2025-11-14,2025-11-16,C10325,Store,2,USD,Completed
SO-502626,2025-11-14,15,2025-11-14,2025-11-18,C10259,Store,4,USD,Completed
SO-502627,2025-11-14,14,2025-11-14,2025-11-15,C10219,Online,3,USD,Completed
SO-502628,2025-11-15,18,2025-11-15,2025-11-18,C10300,Marketplace,3,USD,Completed
SO-502629,2025-11-15,11,2025-11-15,2025-11-18,C10172,Online,2,USD,Completed
SO-502630,2025-11-15,21,2025-11-15,2025-11-17,C10077,Wholesale,4,USD,Completed
SO-502631,2025-11-15,11,2025-11-15,2025-11-20,C10414,Wholesale,5,EUR,Completed
SO-502632,2025-11-15,14,2025-11-15,2025-11-19,C10209,Online,2,USD,Completed
SO-502633,2025-11-15,11,2025-11-15,2025-11-17,C10254,Online,5,EUR,Completed
SO-502634,2025-11-15,9,2025-11-15,2025-11-19,C10348,Online,1,USD,Completed
SO-502635,2025-11-15,20,2025-11-15,2025-11-17,C10323,Marketplace,2,USD,Completed
SO-502636,2025-11-15,14,2025-11-15,2025-11-19,C10365,Online,2,USD,Completed
SO-502637,2025-11-16,16,2025-11-16,2025-11-18,C10416,Marketplace,3,USD,Completed
SO-502638,2025-11-16,13,2025-11-16,2025-11-20,C10090,Store,3,USD,Completed
SO-502639,2025-11-16,10,2025-11-16,2025-11-18,C10348,Online,1,USD,Completed
SO-502640,2025-11-16,21,2025-11-16,2025-11-18,C10295,Store,5,EUR,Completed
SO-502641,2025-11-16,15,2025-11-16,2025-11-19,C10168,Store,1,USD,Completed
SO-502642,2025-11-16,17,2025-11-16,2025-11-20,C10383,Online,1,USD,Completed
SO-502643,2025-11-16,20,2025-11-16,2025-11-17,C10364,Wholesale,2,USD,Completed
SO-502644,2025-11-16,14,2025-11-16,2025-11-17,C10121,Marketplace,4,USD,Completed
SO-502645,2025-11-16,12,2025-11-16,2025-11-17,C10407,Online,2,USD,Completed
SO-502646,2025-11-16,19,2025-11-16,2025-11-20,C10386,Online,1,USD,Completed
SO-502647,2025-11-16,21,2025-11-16,2025-11-18,C10113,Marketplace,3,USD,Completed
SO-502648,2025-11-16,20,2025-11-16,2025-11-18,C10205,Store,1,USD,Completed
SO-502649,2025-11-17,20,2025-11-17,2025-11-18,C10045,Store,1,USD,Completed
SO-502650,2025-11-17,22,2025-11-17,,C10077,Wholesale,4,USD,Cancelled
SO-502651,2025-11-17,10,2025-11-17,2025-11-19,C10327,Online,3,USD,Completed
SO-502652,2025-11-17,10,2025-11-17,2025-11-21,C10149,Online,1,USD,Completed
SO-502653,2025-11-17,19,2025-11-17,2025-11-22,C10141,Wholesale,1,USD,Completed
SO-502654,2025-11-17,13,2025-11-17,2025-11-18,C10066,Store,3,USD,Completed
SO-502655,2025-11-17,12,2025-11-17,2025-11-19,C10274,Online,5,EUR,Completed
SO-502656,2025-11-17,10,2025-11-17,2025-11-18,C10139,Online,1,USD,Completed
SO-502657,2025-11-17,21,2025-11-17,2025-11-18,C10155,Online,2,USD,Completed
SO-502658,2025-11-18,13,2025-11-18,2025-11-21,C10111,Online,5,EUR,Completed
SO-502659,2025-11-18,10,2025-11-18,2025-11-19,C10141,Marketplace,1,USD,Completed
SO-502660,2025-11-18,15,2025-11-18,2025-11-22,C10419,Online,2,USD,Completed
SO-502661,2025-11-18,12,2025-11-18,2025-11-21,C10376,Store,1,USD,Completed
SO-502662,2025-11-18,19,2025-11-18,2025-11-20,C10185,Store,1,USD,Completed
SO-502663,2025-11-18,19,2025-11-18,2025-11-21,C10244,Store,3,USD,Completed
SO-502664,2025-11-18,15,2025-11-18,2025-11-20,C10320,Marketplace,3,USD,Completed
SO-502665,2025-11-18,14,2025-11-18,2025-11-20,C10163,Online,3,USD,Completed
SO-502666,2025-11-19,21,2025-11-19,2025-11-21,C10148,Store,5,EUR,Completed
SO-502667,2025-11-19,9,2025-11-19,2025-11-21,C10019,Online,3,USD,Completed
SO-502668,2025-11-19,19,2025-11-19,2025-11-22,C10329,Online,3,USD,Completed
SO-502669,2025-11-19,22,2025-11-19,2025-11-23,C10112,Online,1,USD,Completed
SO-502670,2025-11-19,10,2025-11-19,2025-11-20,C10177,Store,1,USD,Completed
SO-502671,2025-11-19,11,2025-11-19,2025-11-22,C10010,Store,2,USD,Completed
SO-502672,2025-11-19,17,2025-11-19,2025-11-22,C10387,Online,3,USD,Completed
SO-502673,2025-11-19,11,2025-11-19,2025-11-20,C10022,Online,5,EUR,Completed
SO-502674,2025-11-19,9,2025-11-19,2025-11-20,C10221,Store,1,USD,Completed
SO-502675,2025-11-19,20,2025-11-19,2025-11-22,C10040,Online,1,USD,Completed
SO-502676,2025-11-20,18,2025-11-20,2025-11-24,C10054,Marketplace,2,USD,Completed
SO-502677,2025-11-20,21,2025-11-20,2025-11-24,C10016,Marketplace,1,USD,Completed
SO-502678,2025-11-20,11,2025-11-20,2025-11-22,C10363,Marketplace,5,EUR,Completed
SO-502679,2025-11-20,19,2025-11-20,2025-11-22,C10348,Online,1,USD,Completed
SO-502680,2025-11-20,15,2025-11-20,2025-11-23,C10323,Online,2,USD,Completed
SO-502681,2025-11-20,17,2025-11-20,2025-11-22,C10153,Online,1,USD,Completed
SO-502682,2025-11-20,19,2025-11-20,2025-11-22,C10383,Online,1,USD,Completed
SO-502683,2025-11-20,10,2025-11-20,2025-11-23,C10214,Store,5,EUR,Completed
SO-502684,2025-11-21,16,2025-11-21,2025-11-23,C10150,Online,3,USD,Completed
SO-502685,2025-11-21,19,2025-11-21,2025-11-22,C10109,Store,4,USD,Completed
SO-502686,2025-11-21,9,2025-11-21,2025-11-23,C10305,Store,3,USD,Completed
SO-502687,2025-11-21,22,2025-11-21,2025-11-25,C10396,Online,1,USD,Completed
SO-502688,2025-11-21,14,2025-11-21,2025-11-25,C10153,Online,1,USD,Completed
SO-502689,2025-11-21,14,2025-11-21,2025-11-24,C10264,Online,4,USD,Completed
SO-502690,2025-11-21,18,2025-11-21,2025-11-23,C10003,Marketplace,1,USD,Completed
SO-502691,2025-11-21,22,2025-11-21,2025-11-25,C10286,Store,2,USD,Completed
SO-502692,2025-11-21,17,2025-11-21,2025-11-23,C10147,Online,1,USD,Completed
SO-502693,2025-11-22,17,2025-11-22,2025-11-24,C10135,Marketplace,2,USD,Completed
SO-502694,2025-11-22,22,2025-11-22,2025-11-23,C10036,Store,2,USD,Completed
SO-502695,2025-11-22,16,2025-11-22,2025-11-25,C10396,Store,1,USD,Completed
SO-502696,2025-11-22,8,2025-11-22,2025-11-26,C10042,Marketplace,3,USD,Completed
SO-502697,2025-11-22,12,2025-11-22,2025-11-24,C10144,Online,4,USD,Completed
SO-502698,2025-11-22,18,2025-11-22,2025-11-24,C10113,Online,3,USD,Completed
SO-502699,2025-11-22,8,2025-11-22,2025-11-26,C10141,Store,1,USD,Completed
SO-502700,2025-11-22,20,2025-11-22,2025-11-25,C10348,Store,1,USD,Completed
SO-502701,2025-11-22,17,2025-11-22,2025-11-25,C10351,Marketplace,2,USD,Completed
SO-502702,2025-11-23,20,2025-11-23,2025-11-25,C10141,Store,1,USD,Completed
SO-502703,2025-11-23,20,2025-11-23,2025-11-26,C10250,Store,4,USD,Completed
SO-502704,2025-11-23,16,2025-11-23,2025-11-27,C10095,Store,4,USD,Completed
SO-502705,2025-11-23,21,2025-11-23,2025-11-26,C10248,Online,1,USD,Completed
SO-502706,2025-11-23,22,2025-11-23,2025-11-27,C10068,Online,4,USD,Completed
SO-502707,2025-11-23,16,2025-11-23,2025-11-24,C10374,Online,2,USD,Completed
SO-502708,2025-11-23,19,2025-11-23,2025-11-26,C10390,Marketplace,3,USD,Completed
SO-502709,2025-11-23,20,2025-11-23,2025-11-25,C10265,Store,4,USD,Completed
SO-502710,2025-11-23,21,2025-11-23,2025-11-27,C10192,Store,3,USD,Completed
SO-502711,2025-11-23,17,2025-11-23,2025-11-25,C10087,Store,3,USD,Completed
SO-502712,2025-11-24,8,2025-11-24,2025-11-26,C10088,Store,3,USD,Completed
SO-502713,2025-11-24,9,2025-11-24,2025-11-27,C10248,Store,1,USD,Completed
SO-502714,2025-11-24,10,2025-11-24,2025-11-28,C10394,Store,5,EUR,Completed
SO-502715,2025-11-24,13,2025-11-24,2025-11-27,C10222,Store,3,USD,Completed
SO-502716,2025-11-24,13,2025-11-24,2025-11-25,C10141,Store,1,USD,Completed
SO-502717,2025-11-24,21,2025-11-24,2025-11-25,C10353,Marketplace,3,USD,Completed
SO-502718,2025-11-24,9,2025-11-24,2025-11-25,C10325,Online,2,USD,Completed
SO-502719,2025-11-24,15,2025-11-24,2025-11-30,C10077,Wholesale,3,USD,Completed
SO-502720,2025-11-24,9,2025-11-24,2025-11-28,C10002,Online,3,USD,Completed
SO-502721,2025-11-24,11,2025-11-24,2025-11-25,C10346,Online,1,USD,Completed
SO-502722,2025-11-25,13,2025-11-25,2025-11-28,C10042,Store,3,USD,Completed
SO-502723,2025-11-25,9,2025-11-25,2025-11-28,C10255,Wholesale,3,USD,Completed
SO-502724,2025-11-25,11,2025-11-25,2025-11-26,C10041,Store,4,USD,Completed
SO-502725,2025-11-25,10,2025-11-25,2025-11-28,C10293,Online,2,USD,Completed
SO-502726,2025-11-25,21,2025-11-25,2025-11-28,C10220,Online,1,USD,Completed
SO-502727,2025-11-25,15,2025-11-25,2025-11-26,C10259,Online,4,USD,Completed
SO-502728,2025-11-25,20,2025-11-25,2025-11-26,C10095,Store,4,USD,Completed
SO-502729,2025-11-25,22,2025-11-25,2025-11-26,C10142,Online,2,USD,Completed
SO-502730,2025-11-26,10,2025-11-26,2025-11-29,C10364,Marketplace,2,USD,Completed
SO-502731,2025-11-26,16,2025-11-26,2025-11-29,C10321,Marketplace,3,USD,Completed
SO-502732,2025-11-26,11,2025-11-26,2025-11-28,C10262,Online,5,EUR,Completed
SO-502733,2025-11-26,12,2025-11-26,2025-11-30,C10104,Online,2,USD,Completed
SO-502734,2025-11-26,22,2025-11-26,2025-11-28,C10357,Store,1,USD,Completed
SO-502735,2025-11-26,18,2025-11-26,2025-11-30,C10352,Online,1,USD,Completed
SO-502736,2025-11-26,14,2025-11-26,2025-11-30,C10400,Online,1,USD,Completed
SO-502737,2025-11-26,8,2025-11-26,2025-11-28,C10187,Online,2,USD,Completed
SO-502738,2025-11-27,16,2025-11-27,2025-11-29,C10149,Online,4,USD,Completed
SO-502739,2025-11-27,20,2025-11-27,2025-11-29,C10226,Online,3,USD,Completed
SO-502740,2025-11-27,10,2025-11-27,2025-12-01,C10201,Store,3,USD,Completed
SO-502741,2025-11-27,9,2025-11-27,2025-12-01,C10261,Online,3,USD,Completed
SO-502742,2025-11-27,13,2025-11-27,2025-12-01,C10218,Online,1,USD,Completed
SO-502743,2025-11-27,15,2025-11-27,2025-11-28,C10038,Store,1,USD,Completed
SO-502744,2025-11-27,21,2025-11-27,2025-11-28,C10329,Online,3,USD,Completed
SO-502745,2025-11-27,17,2025-11-27,2025-12-01,C10079,Online,3,USD,Completed
SO-502746,2025-11-28,17,2025-11-28,2025-12-01,C10119,Store,1,USD,Completed
SO-502747,2025-11-28,15,2025-11-28,2025-11-29,C10233,Online,1,USD,Completed
SO-502748,2025-11-28,14,2025-11-28,2025-12-01,C10366,Store,1,USD,Completed
SO-502749,2025-11-28,22,2025-11-28,2025-11-29,C10237,Store,5,EUR,Completed
SO-502750,2025-11-28,11,2025-11-28,2025-12-01,C10173,Store,1,USD,Completed
SO-502751,2025-11-28,17,2025-11-28,2025-11-30,C10227,Marketplace,1,USD,Completed
SO-502752,2025-11-28,21,2025-11-28,2025-12-01,C10188,Online,4,USD,Completed
SO-502753,2025-11-28,22,2025-11-28,2025-12-02,C10248,Store,1,USD,Completed
SO-502754,2025-11-28,19,2025-11-28,2025-12-01,C10390,Online,3,USD,Completed
SO-502755,2025-11-29,11,2025-11-29,2025-12-01,C10021,Store,1,USD,Completed
SO-502756,2025-11-29,8,2025-11-29,2025-12-03,C10357,Marketplace,1,USD,Completed
SO-502757,2025-11-29,17,2025-11-29,,C10301,Store,1,USD,Cancelled
SO-502758,2025-11-29,20,2025-11-29,2025-12-02,C10079,Online,3,USD,Completed
SO-502759,2025-11-29,16,2025-11-29,2025-11-30,C10327,Online,3,USD,Completed
SO-502760,2025-11-29,8,2025-11-29,2025-12-02,C10396,Online,2,USD,Completed
SO-502761,2025-11-29,8,2025-11-29,2025-12-02,C10188,Store,3,USD,Completed
SO-502762,2025-11-29,22,2025-11-29,2025-11-30,C10126,Online,5,EUR,Completed
SO-502763,2025-11-29,13,2025-11-29,2025-12-01,C10407,Store,4,USD,Completed
SO-502764,2025-11-30,16,2025-11-30,2025-12-01,C10205,Online,1,USD,Completed
SO-502765,2025-11-30,22,2025-12-01,2025-12-03,C10156,Online,5,EUR,Completed
SO-502766,2025-11-30,17,2025-11-30,2025-12-02,C10348,Store,3,USD,Completed
SO-502767,2025-11-30,22,2025-12-01,2025-12-04,C10396,Online,2,USD,Completed
SO-502768,2025-11-30,15,2025-11-30,2025-12-04,C10217,Staff,3,USD,Completed
SO-502769,2025-11-30,16,2025-11-30,2025-12-02,C10273,Online,3,USD,Completed
SO-502770,2025-11-30,12,2025-11-30,2025-12-04,C10136,Online,3,USD,Completed
SO-502771,2025-11-30,16,2025-11-30,2025-12-01,C10215,Online,2,USD,Completed
SO-502772,2025-11-30,18,2025-12-01,2025-12-04,C10090,Wholesale,3,USD,Completed
SO-502773,2025-11-30,15,2025-11-30,2025-12-03,C10080,Online,1,USD,Completed
SO-502774,2025-11-30,20,2025-12-01,2025-12-01,C10324,Online,2,USD,Completed
SO-502775,2025-11-30,10,2025-11-30,2025-12-02,C10042,Online,3,USD,Completed
SO-502776,2025-12-01,15,2025-12-01,2025-12-02,C10396,Store,3,USD,Completed
SO-502777,2025-12-01,22,2025-12-01,2025-12-03,C10248,Online,1,USD,Completed
SO-502778,2025-12-01,18,2025-12-01,2025-12-03,C10194,Online,5,EUR,Completed
SO-502779,2025-12-01,21,2025-12-01,2025-12-04,C10397,Store,1,USD,Completed
SO-502780,2025-12-01,16,2025-12-01,2025-12-05,C10195,Online,3,USD,Completed
SO-502781,2025-12-01,18,2025-12-01,2025-12-03,C10218,Store,1,USD,Completed
SO-502782,2025-12-01,18,2025-12-01,2025-12-05,C10287,Online,3,USD,Completed
SO-502783,2025-12-01,9,2025-12-01,2025-12-05,C10042,Online,3,USD,Completed
SO-502784,2025-12-01,14,2025-12-01,2025-12-04,C10259,Online,4,USD,Completed
SO-502785,2025-12-01,21,2025-12-01,2025-12-05,C10167,Online,3,USD,Completed
SO-502786,2025-12-02,17,2025-12-02,2025-12-06,C10248,Online,1,USD,Completed
SO-502787,2025-12-02,21,2025-12-02,2025-12-05,C10040,Wholesale,1,USD,Completed
SO-502788,2025-12-02,21,2025-12-02,2025-12-04,C10396,Online,1,USD,Completed
SO-502789,2025-12-02,21,2025-12-02,2025-12-03,C10327,Marketplace,3,USD,Completed
SO-502790,2025-12-02,11,2025-12-02,2025-12-05,C10001,Online,5,EUR,Completed
SO-502791,2025-12-02,10,2025-12-02,2025-12-05,C10228,Online,1,USD,Completed
SO-502792,2025-12-02,10,2025-12-02,2025-12-03,C10381,Online,4,USD,Completed
SO-502793,2025-12-02,21,2025-12-02,2025-12-05,C10122,Store,1,USD,Completed
SO-502794,2025-12-02,14,2025-12-02,2025-12-03,C10264,Store,4,USD,Completed
SO-502795,2025-12-03,9,2025-12-03,2025-12-06,C10358,Store,1,USD,Completed
SO-502796,2025-12-03,17,2025-12-03,2025-12-04,C10356,Marketplace,3,USD,Completed
SO-502797,2025-12-03,16,2025-12-03,2025-12-07,C10382,Marketplace,5,EUR,Completed
SO-502798,2025-12-03,20,2025-12-03,2025-12-04,C10042,Online,3,USD,Completed
SO-502799,2025-12-03,18,2025-12-03,2025-12-05,C10029,Online,2,USD,Completed
SO-502800,2025-12-03,15,2025-12-03,2025-12-06,C10190,Store,2,USD,Completed
SO-502801,2025-12-03,18,2025-12-03,2025-12-06,C10244,Store,1,USD,Completed
SO-502802,2025-12-03,16,2025-12-03,2025-12-07,C10201,Marketplace,3,USD,Completed
SO-502803,2025-12-03,11,2025-12-03,2025-12-07,C10114,Marketplace,3,USD,Completed
SO-502804,2025-12-03,9,2025-12-03,2025-12-07,C10095,Online,4,USD,Completed
SO-502805,2025-12-03,16,2025-12-03,2025-12-04,C10055,Online,5,EUR,Completed
SO-502806,2025-12-04,22,2025-12-04,2025-12-06,C10034,Online,1,USD,Completed
SO-502807,2025-12-04,16,2025-12-04,2025-12-06,C10136,Marketplace,1,USD,Completed
SO-502808,2025-12-04,8,2025-12-04,2025-12-07,C10259,Store,4,USD,Completed
SO-502809,2025-12-04,17,2025-12-04,2025-12-05,C10148,Online,5,EUR,Completed
SO-502810,2025-12-04,14,2025-12-04,2025-12-05,C10222,Store,2,USD,Completed
SO-502811,2025-12-04,15,2025-12-04,2025-12-06,C10271,Online,3,USD,Completed
SO-502812,2025-12-04,8,2025-12-04,2025-12-05,C10121,Online,4,USD,Completed
SO-502813,2025-12-04,14,2025-12-04,2025-12-06,C10285,Marketplace,2,USD,Completed
SO-502814,2025-12-04,14,2025-12-04,2025-12-08,C10302,Online,3,USD,Completed
SO-502815,2025-12-04,10,2025-12-04,2025-12-06,C10009,Online,1,USD,Completed
SO-502816,2025-12-04,21,2025-12-04,2025-12-08,C10266,Online,3,USD,Completed
SO-502817,2025-12-04,10,2025-12-04,2025-12-07,C10188,Store,4,USD,Completed
SO-502818,2025-12-05,12,2025-12-05,2025-12-07,C10349,Store,4,USD,Completed
SO-502819,2025-12-05,22,2025-12-05,2025-12-06,C10294,Online,1,USD,Completed
SO-502820,2025-12-05,15,2025-12-05,2025-12-06,C10408,Online,2,USD,Completed
SO-502821,2025-12-05,14,2025-12-05,2025-12-06,C10231,Store,3,USD,Completed
SO-502822,2025-12-05,10,2025-12-05,2025-12-06,C10302,Staff,3,USD,Completed
SO-502823,2025-12-05,14,2025-12-05,2025-12-08,C10188,Store,4,USD,Completed
SO-502824,2025-12-05,18,2025-12-05,2025-12-09,C10354,Store,3,USD,Completed
SO-502825,2025-12-05,21,2025-12-05,2025-12-08,C10404,Online,3,USD,Completed
SO-502826,2025-12-05,10,2025-12-05,2025-12-08,C10094,Online,1,USD,Completed
SO-502827,2025-12-05,8,2025-12-05,2025-12-07,C10414,Wholesale,5,EUR,Completed
SO-502828,2025-12-05,8,2025-12-05,2025-12-07,C10350,Online,4,USD,Completed
SO-502829,2025-12-06,10,2025-12-06,2025-12-08,C10137,Store,4,USD,Completed
SO-502830,2025-12-06,11,2025-12-06,2025-12-07,C10167,Online,3,USD,Completed
SO-502831,2025-12-06,19,2025-12-06,2025-12-09,C10348,Marketplace,3,USD,Completed
SO-502832,2025-12-06,12,2025-12-06,2025-12-11,C10042,Wholesale,3,USD,Completed
SO-502833,2025-12-06,18,2025-12-06,2025-12-10,C10418,Store,3,USD,Completed
SO-502834,2025-12-06,18,2025-12-06,2025-12-12,C10381,Wholesale,4,USD,Completed
SO-502835,2025-12-06,11,2025-12-06,2025-12-08,C10284,Store,4,USD,Completed
SO-502836,2025-12-06,12,2025-12-06,2025-12-09,C10008,Marketplace,3,USD,Completed
SO-502837,2025-12-06,13,2025-12-06,2025-12-09,C10255,Online,3,USD,Completed
SO-502838,2025-12-06,20,2025-12-06,2025-12-07,C10177,Wholesale,1,USD,Completed
SO-502839,2025-12-06,9,2025-12-06,2025-12-10,C10006,Store,3,USD,Completed
SO-502840,2025-12-06,16,2025-12-06,2025-12-08,C10192,Online,3,USD,Completed
SO-502841,2025-12-07,13,2025-12-07,,C10015,Online,4,USD,Cancelled
SO-502842,2025-12-07,8,2025-12-07,2025-12-10,C10041,Online,1,USD,Completed
SO-502843,2025-12-07,9,2025-12-07,2025-12-08,C10345,Wholesale,2,USD,Completed
SO-502844,2025-12-07,17,2025-12-07,2025-12-10,C10143,Online,1,USD,Completed
SO-502845,2025-12-07,20,2025-12-07,2025-12-11,C10113,Online,3,USD,Completed
SO-502846,2025-12-07,9,2025-12-07,2025-12-08,C10043,Store,5,EUR,Completed
SO-502847,2025-12-07,12,2025-12-07,2025-12-11,C10192,Online,3,USD,Completed
SO-502848,2025-12-07,13,2025-12-07,2025-12-09,C10135,Marketplace,2,USD,Completed
SO-502849,2025-12-07,13,2025-12-07,2025-12-08,C10382,Marketplace,5,EUR,Completed
SO-502850,2025-12-07,19,2025-12-07,2025-12-11,C10348,Marketplace,1,USD,Completed
SO-502851,2025-12-07,22,2025-12-07,2025-12-08,C10037,Store,1,USD,Completed
SO-502852,2025-12-08,18,2025-12-08,2025-12-11,C10261,Store,3,USD,Completed
SO-502853,2025-12-08,21,2025-12-08,2025-12-12,C10134,Store,4,USD,Completed
SO-502854,2025-12-08,13,2025-12-08,2025-12-14,C10077,Wholesale,4,USD,Completed
SO-502855,2025-12-08,21,2025-12-08,2025-12-11,C10184,Online,3,USD,Completed
SO-502856,2025-12-08,20,2025-12-08,2025-12-11,C10064,Store,5,EUR,Completed
SO-502857,2025-12-08,8,2025-12-08,2025-12-09,C10386,Store,1,USD,Completed
SO-502858,2025-12-08,10,2025-12-08,2025-12-09,C10016,Marketplace,4,USD,Completed
SO-502859,2025-12-08,21,2025-12-08,2025-12-09,C10077,Wholesale,4,USD,Completed
SO-502860,2025-12-09,16,2025-12-09,2025-12-12,C10201,Online,3,USD,Completed
SO-502861,2025-12-09,19,2025-12-09,2025-12-12,C10211,Store,3,USD,Completed
SO-502862,2025-12-09,20,2025-12-09,2025-12-12,C10079,Marketplace,3,USD,Completed
SO-502863,2025-12-09,14,2025-12-09,2025-12-12,C10114,Online,3,USD,Completed
SO-502864,2025-12-09,12,2025-12-09,2025-12-11,C10377,Online,3,USD,Completed
SO-502865,2025-12-09,18,2025-12-09,2025-12-12,C10141,Online,1,USD,Completed
SO-502866,2025-12-09,14,2025-12-09,,C10161,Store,1,USD,Cancelled
SO-502867,2025-12-09,13,2025-12-09,2025-12-12,C10141,Store,1,USD,Completed
SO-502868,2025-12-10,13,2025-12-10,,C10043,Online,5,EUR,Cancelled
SO-502869,2025-12-10,12,2025-12-10,2025-12-11,C10018,Online,1,USD,Completed
SO-502870,2025-12-10,21,2025-12-10,2025-12-14,C10189,Marketplace,5,EUR,Completed
SO-502871,2025-12-10,9,2025-12-10,2025-12-13,C10051,Online,3,USD,Completed
SO-502872,2025-12-10,20,2025-12-10,2025-12-14,C10090,Wholesale,3,USD,Completed
SO-502873,2025-12-10,13,2025-12-10,2025-12-13,C10305,Online,3,USD,Completed
SO-502874,2025-12-10,19,2025-12-10,2025-12-14,C10270,Online,3,USD,Completed
SO-502875,2025-12-10,18,2025-12-10,2025-12-11,C10113,Online,1,USD,Completed
SO-502876,2025-12-10,12,2025-12-10,2025-12-13,C10042,Store,3,USD,Completed
SO-502877,2025-12-11,19,2025-12-11,2025-12-13,C10130,Online,1,USD,Completed
SO-502878,2025-12-11,8,2025-12-11,2025-12-13,C10234,Online,5,EUR,Completed
SO-502879,2025-12-11,8,2025-12-11,2025-12-13,C10100,Staff,3,USD,Completed
SO-502880,2025-12-11,16,2025-12-11,2025-12-13,C10343,Store,5,EUR,Completed
SO-502881,2025-12-11,8,2025-12-11,2025-12-13,C10088,Online,3,USD,Completed
SO-502882,2025-12-11,16,2025-12-11,2025-12-14,C10370,Online,1,USD,Completed
SO-502883,2025-12-11,13,2025-12-11,2025-12-12,C10235,Store,4,USD,Completed
SO-502884,2025-12-11,20,2025-12-11,2025-12-15,C10258,Online,3,USD,Completed
SO-502885,2025-12-11,15,2025-12-11,2025-12-13,C10047,Online,4,USD,Completed
SO-502886,2025-12-11,10,2025-12-11,2025-12-13,C10348,Online,1,USD,Completed
SO-502887,2025-12-11,22,2025-12-11,2025-12-15,C10157,Online,3,USD,Completed
SO-502888,2025-12-12,21,2025-12-12,2025-12-16,C10348,Store,1,USD,Completed
SO-502889,2025-12-12,22,2025-12-12,2025-12-18,C10039,Wholesale,5,EUR,Completed
SO-502890,2025-12-12,19,2025-12-12,2025-12-16,C10263,Online,1,USD,Completed
SO-502891,2025-12-12,18,2025-12-12,2025-12-14,C10263,Online,1,USD,Completed
SO-502892,2025-12-12,19,2025-12-12,2025-12-16,C10041,Marketplace,4,USD,Completed
SO-502893,2025-12-12,12,2025-12-12,2025-12-15,C10003,Store,3,USD,Completed
SO-502894,2025-12-12,8,2025-12-12,2025-12-16,C10053,Store,2,USD,Completed
SO-502895,2025-12-12,22,2025-12-12,2025-12-16,C10139,Online,1,USD,Completed
SO-502896,2025-12-12,15,2025-12-12,2025-12-16,C10272,Marketplace,1,USD,Completed
SO-502897,2025-12-12,12,2025-12-12,2025-12-14,C10169,Store,3,USD,Completed
SO-502898,2025-12-13,9,2025-12-13,2025-12-14,C10191,Online,1,USD,Completed
SO-502899,2025-12-13,15,2025-12-13,2025-12-16,C10279,Online,3,USD,Completed
SO-502900,2025-12-13,22,2025-12-13,2025-12-17,C10277,Marketplace,2,USD,Completed
SO-502901,2025-12-13,12,2025-12-13,2025-12-17,C10068,Store,4,USD,Completed
SO-502902,2025-12-13,21,2025-12-13,2025-12-16,C10041,Store,4,USD,Completed
SO-502903,2025-12-13,19,2025-12-13,2025-12-15,C10042,Marketplace,2,USD,Completed
SO-502904,2025-12-13,19,2025-12-13,2025-12-17,C10348,Store,1,USD,Completed
SO-502905,2025-12-13,8,2025-12-13,2025-12-16,C10202,Marketplace,4,USD,Completed
SO-502906,2025-12-13,10,2025-12-13,2025-12-14,C10350,Marketplace,1,USD,Completed
SO-502907,2025-12-13,19,2025-12-13,2025-12-14,C10055,Store,5,EUR,Completed
SO-502908,2025-12-13,16,2025-12-13,2025-12-14,C10384,Online,1,USD,Completed
SO-502909,2025-12-13,8,2025-12-13,2025-12-14,C10390,Online,3,USD,Completed
SO-502910,2025-12-13,22,2025-12-13,2025-12-14,C10090,Store,3,USD,Completed
SO-502911,2025-12-13,18,2025-12-13,2025-12-16,C10217,Wholesale,2,USD,Completed
SO-502912,2025-12-14,18,2025-12-14,,C10331,Online,5,EUR,Cancelled
SO-502913,2025-12-14,19,2025-12-14,2025-12-18,C10396,Store,1,USD,Completed
SO-502914,2025-12-14,17,2025-12-14,2025-12-15,C10330,Online,4,USD,Completed
SO-502915,2025-12-14,22,2025-12-14,2025-12-15,C10216,Online,2,USD,Completed
SO-502916,2025-12-14,18,2025-12-14,2025-12-16,C10153,Online,1,USD,Completed
SO-502917,2025-12-14,12,2025-12-14,2025-12-16,C10198,Online,2,USD,Completed
SO-502918,2025-12-14,14,2025-12-14,,C10409,Online,4,USD,Cancelled
SO-502919,2025-12-14,15,2025-12-14,2025-12-15,C10102,Store,1,USD,Completed
SO-502920,2025-12-14,22,2025-12-14,2025-12-16,C10270,Marketplace,3,USD,Completed
SO-502921,2025-12-14,20,2025-12-14,2025-12-18,C10057,Store,1,USD,Completed
SO-502922,2025-12-14,18,2025-12-14,2025-12-15,C10029,Store,2,USD,Completed
SO-502923,2025-12-14,14,2025-12-14,2025-12-17,C10377,Online,3,USD,Completed
SO-502924,2025-12-15,11,2025-12-15,2025-12-18,C10410,Online,4,USD,Completed
SO-502925,2025-12-15,12,2025-12-15,2025-12-17,C10061,Store,3,USD,Completed
SO-502926,2025-12-15,12,2025-12-15,2025-12-19,C10195,Store,1,USD,Completed
SO-502927,2025-12-15,13,2025-12-15,2025-12-19,C10139,Marketplace,1,USD,Completed
SO-502928,2025-12-15,13,2025-12-15,2025-12-18,C10018,Online,1,USD,Completed
SO-502929,2025-12-15,15,2025-12-15,2025-12-17,C10301,Online,3,USD,Completed
SO-502930,2025-12-15,22,2025-12-15,2025-12-18,C10352,Online,1,USD,Completed
SO-502931,2025-12-15,9,2025-12-15,2025-12-18,C10202,Marketplace,4,USD,Completed
SO-502932,2025-12-15,13,2025-12-15,2025-12-19,C10042,Online,3,USD,Completed
SO-502933,2025-12-15,16,2025-12-15,2025-12-16,C10197,Online,3,USD,Completed
SO-502934,2025-12-15,21,2025-12-15,2025-12-19,C10141,Store,1,USD,Completed
SO-502935,2025-12-15,19,2025-12-15,2025-12-19,C10345,Store,2,USD,Completed
SO-502936,2025-12-16,9,2025-12-16,2025-12-18,C10305,Store,3,USD,Completed
SO-502937,2025-12-16,18,2025-12-16,2025-12-18,C10408,Online,2,USD,Completed
SO-502938,2025-12-16,18,2025-12-16,2025-12-18,C10343,Store,5,EUR,Completed
SO-502939,2025-12-16,17,2025-12-16,2025-12-19,C10045,Online,1,USD,Completed
SO-502940,2025-12-16,14,2025-12-16,2025-12-18,C10275,Online,3,USD,Completed
SO-502941,2025-12-16,20,2025-12-16,2025-12-20,C10080,Store,1,USD,Completed
SO-502942,2025-12-16,22,2025-12-16,2025-12-18,C10395,Store,1,USD,Completed
SO-502943,2025-12-16,21,2025-12-16,2025-12-20,C10409,Online,4,USD,Completed
SO-502944,2025-12-16,19,2025-12-16,2025-12-17,C10349,Online,4,USD,Completed
SO-502945,2025-12-17,15,2025-12-17,2025-12-21,C10099,Store,5,EUR,Completed
SO-502946,2025-12-17,12,2025-12-17,2025-12-18,C10214,Online,5,EUR,Completed
SO-502947,2025-12-17,11,2025-12-17,2025-12-21,C10113,Store,3,USD,Completed
SO-502948,2025-12-17,16,2025-12-17,,C10360,Online,1,USD,Cancelled
SO-502949,2025-12-17,9,2025-12-17,2025-12-21,C10035,Online,3,USD,Completed
SO-502950,2025-12-17,8,2025-12-17,2025-12-19,C10378,Online,2,USD,Completed
SO-502951,2025-12-17,11,2025-12-17,2025-12-20,C10204,Store,3,USD,Completed
SO-502952,2025-12-17,21,2025-12-17,2025-12-20,C10348,Online,1,USD,Completed
SO-502953,2025-12-17,9,2025-12-17,2025-12-18,C10116,Store,2,USD,Completed
SO-502954,2025-12-17,10,2025-12-17,2025-12-21,C10259,Online,4,USD,Completed
SO-502955,2025-12-17,17,2025-12-17,2025-12-21,C10357,Store,1,USD,Completed
SO-502956,2025-12-17,8,2025-12-17,2025-12-21,C10163,Online,3,USD,Completed
SO-502957,2025-12-18,15,2025-12-18,2025-12-21,C10126,Online,5,EUR,Completed
SO-502958,2025-12-18,12,2025-12-18,2025-12-22,C10042,Wholesale,3,USD,Completed
SO-502959,2025-12-18,14,2025-12-18,2025-12-19,C10054,Online,2,USD,Completed
SO-502960,2025-12-18,8,2025-12-18,2025-12-20,C10250,Online,4,USD,Completed
SO-502961,2025-12-18,20,2025-12-18,2025-12-20,C10026,Staff,2,USD,Completed
SO-502962,2025-12-18,11,2025-12-18,2025-12-20,C10148,Online,5,EUR,Completed
SO-502963,2025-12-18,14,2025-12-18,2025-12-20,C10141,Online,1,USD,Completed
SO-502964,2025-12-18,21,2025-12-18,2025-12-20,C10407,Store,4,USD,Completed
SO-502965,2025-12-18,12,2025-12-18,2025-12-20,C10230,Online,3,USD,Completed
SO-502966,2025-12-18,18,2025-12-18,2025-12-22,C10250,Online,4,USD,Completed
SO-502967,2025-12-18,19,2025-12-18,2025-12-22,C10219,Online,3,USD,Completed
SO-502968,2025-12-19,10,2025-12-19,2025-12-23,C10270,Store,3,USD,Completed
SO-502969,2025-12-19,21,2025-12-19,2025-12-21,C10420,Store,4,USD,Completed
SO-502970,2025-12-19,19,2025-12-19,2025-12-21,C10005,Online,4,USD,Completed
SO-502971,2025-12-19,12,2025-12-19,2025-12-21,C10077,Wholesale,3,USD,Completed
SO-502972,2025-12-19,16,2025-12-19,2025-12-21,C10383,Marketplace,3,USD,Completed
SO-502973,2025-12-19,21,2025-12-19,2025-12-21,C10191,Online,1,USD,Completed
SO-502974,2025-12-19,12,2025-12-19,2025-12-23,C10336,Store,3,USD,Completed
SO-502975,2025-12-19,15,2025-12-19,2025-12-22,C10097,Store,1,USD,Completed
SO-502976,2025-12-19,11,2025-12-19,2025-12-23,C10113,Store,3,USD,Completed
SO-502977,2025-12-20,13,2025-12-20,2025-12-23,C10166,Online,1,USD,Completed
SO-502978,2025-12-20,18,2025-12-20,,C10275,Store,2,USD,Cancelled
SO-502979,2025-12-20,8,2025-12-20,2025-12-24,C10112,Online,1,USD,Completed
SO-502980,2025-12-20,16,2025-12-20,2025-12-23,C10210,Wholesale,2,USD,Completed
SO-502981,2025-12-20,14,2025-12-20,2025-12-24,C10323,Online,2,USD,Completed
SO-502982,2025-12-20,8,2025-12-20,2025-12-23,C10018,Online,1,USD,Completed
SO-502983,2025-12-20,13,2025-12-20,2025-12-24,C10077,Wholesale,4,USD,Completed
SO-502984,2025-12-20,19,2025-12-20,2025-12-21,C10215,Staff,2,USD,Completed
SO-502985,2025-12-20,13,2025-12-20,2025-12-21,C10372,Online,2,USD,Completed
SO-502986,2025-12-20,11,2025-12-20,2025-12-22,C10259,Online,4,USD,Completed
SO-502987,2025-12-20,20,2025-12-20,2025-12-24,C10096,Online,4,USD,Completed
SO-502988,2025-12-21,8,2025-12-21,2025-12-24,C10079,Wholesale,3,USD,Completed
SO-502989,2025-12-21,10,2025-12-21,2025-12-23,C10044,Online,4,USD,Completed
SO-502990,2025-12-21,16,2025-12-21,2025-12-25,C10133,Online,1,USD,Completed
SO-502991,2025-12-21,22,2025-12-21,2025-12-24,C10073,Online,1,USD,Completed
SO-502992,2025-12-21,18,2025-12-21,2025-12-23,C10077,Wholesale,4,USD,Completed
SO-502993,2025-12-21,21,2025-12-21,2025-12-24,C10078,Online,2,USD,Completed
SO-502994,2025-12-21,22,2025-12-21,2025-12-24,C10102,Online,1,USD,Completed
SO-502995,2025-12-21,22,2025-12-21,2025-12-22,C10287,Marketplace,2,USD,Completed
SO-502996,2025-12-21,8,2025-12-21,2025-12-23,C10246,Staff,1,USD,Completed
SO-502997,2025-12-21,14,2025-12-21,2025-12-25,C10337,Online,2,USD,Completed
SO-502998,2025-12-21,12,2025-12-21,2025-12-23,C10350,Online,2,USD,Completed
SO-502999,2025-12-21,20,2025-12-21,2025-12-24,C10268,Store,1,USD,Completed
SO-503000,2025-12-21,14,2025-12-21,2025-12-23,C10041,Store,1,USD,Completed
SO-503001,2025-12-21,13,2025-12-21,2025-12-28,C10259,Wholesale,4,USD,Completed
SO-503002,2025-12-22,9,2025-12-22,2025-12-26,C10051,Store,3,USD,Completed
SO-503003,2025-12-22,22,2025-12-22,2025-12-24,C10128,Online,3,USD,Completed
SO-503004,2025-12-22,11,2025-12-22,2025-12-25,C10189,Online,5,EUR,Completed
SO-503005,2025-12-22,8,2025-12-22,2025-12-25,C10379,Store,4,USD,Completed
SO-503006,2025-12-22,8,2025-12-22,2025-12-25,C10201,Marketplace,3,USD,Completed
SO-503007,2025-12-22,11,2025-12-22,2025-12-24,C10276,Store,2,USD,Completed
SO-503008,2025-12-22,12,2025-12-22,2025-12-25,C10380,Wholesale,2,USD,Completed
SO-503009,2025-12-22,16,2025-12-22,2025-12-23,C10229,Online,4,USD,Completed
SO-503010,2025-12-22,17,2025-12-22,2025-12-25,C10250,Store,4,USD,Completed
SO-503011,2025-12-22,15,2025-12-22,2025-12-26,C10136,Store,3,USD,Completed
SO-503012,2025-12-22,22,2025-12-22,2025-12-26,C10175,Store,3,USD,Completed
SO-503013,2025-12-23,8,2025-12-23,2025-12-24,C10018,Store,1,USD,Completed
SO-503014,2025-12-23,20,2025-12-23,2025-12-25,C10113,Wholesale,3,USD,Completed
SO-503015,2025-12-23,17,2025-12-23,2025-12-25,C10069,Online,3,USD,Completed
SO-503016,2025-12-23,10,2025-12-23,2025-12-25,C10101,Store,2,USD,Completed
SO-503017,2025-12-23,8,2025-12-23,2025-12-25,C10073,Online,1,USD,Completed
SO-503018,2025-12-23,11,2025-12-23,2025-12-27,C10259,Online,4,USD,Completed
SO-503019,2025-12-23,11,2025-12-23,2025-12-26,C10141,Online,4,USD,Completed
SO-503020,2025-12-23,17,2025-12-23,2025-12-26,C10153,Online,1,USD,Completed
SO-503021,2025-12-23,10,2025-12-23,2025-12-27,C10079,Online,3,USD,Completed
SO-503022,2025-12-23,11,2025-12-23,2025-12-25,C10296,Store,5,EUR,Completed
SO-503023,2025-12-23,12,2025-12-23,2025-12-26,C10063,Online,3,USD,Completed
SO-503024,2025-12-24,18,2025-12-24,2025-12-28,C10400,Online,1,USD,Completed
SO-503025,2025-12-24,11,2025-12-24,2025-12-27,C10377,Store,3,USD,Completed
SO-503026,2025-12-24,10,2025-12-24,2025-12-27,C10195,Store,3,USD,Completed
SO-503027,2025-12-24,17,2025-12-24,2025-12-26,C10288,Online,2,USD,Completed
SO-503028,2025-12-24,22,2025-12-24,2025-12-26,C10180,Online,2,USD,Completed
SO-503029,2025-12-24,18,2025-12-24,2025-12-26,C10059,Online,4,USD,Completed
SO-503030,2025-12-24,19,2025-12-24,2025-12-25,C10002,Store,4,USD,Completed
SO-503031,2025-12-24,17,2025-12-24,2025-12-25,C10297,Store,2,USD,Completed
SO-503032,2025-12-24,12,2025-12-24,2025-12-27,C10396,Online,1,USD,Completed
SO-503033,2025-12-24,11,2025-12-24,2025-12-28,C10244,Online,1,USD,Completed
SO-503034,2025-12-24,10,2025-12-24,2025-12-26,C10391,Online,2,USD,Completed
SO-503035,2025-12-24,12,2025-12-24,2025-12-25,C10174,Online,5,EUR,Completed
SO-503036,2025-12-25,12,2025-12-25,2025-12-27,C10289,Marketplace,4,USD,Completed
SO-503037,2025-12-25,22,2025-12-25,2025-12-28,C10021,Online,3,USD,Completed
SO-503038,2025-12-25,8,2025-12-25,2025-12-29,C10041,Online,4,USD,Completed
SO-503039,2025-12-25,12,2025-12-25,2025-12-26,C10113,Online,2,USD,Completed
SO-503040,2025-12-25,16,2025-12-25,2025-12-28,C10153,Online,1,USD,Completed
SO-503041,2025-12-25,8,2025-12-25,2025-12-29,C10173,Online,4,USD,Completed
SO-503042,2025-12-25,19,2025-12-25,2025-12-29,C10166,Online,1,USD,Completed
SO-503043,2025-12-25,21,2025-12-25,2025-12-26,C10234,Online,5,EUR,Completed
SO-503044,2025-12-25,18,2025-12-25,2025-12-27,C10382,Online,5,EUR,Completed
SO-503045,2025-12-26,15,2025-12-26,2025-12-30,C10113,Wholesale,3,USD,Completed
SO-503046,2025-12-26,18,2025-12-26,2025-12-28,C10114,Online,3,USD,Completed
SO-503047,2025-12-26,18,2025-12-26,2025-12-28,C10166,Online,1,USD,Completed
SO-503048,2025-12-26,10,2025-12-26,2025-12-30,C10099,Online,5,EUR,Completed
SO-503049,2025-12-26,18,2025-12-26,2025-12-29,C10185,Store,1,USD,Completed
SO-503050,2025-12-26,17,2025-12-26,2025-12-29,C10134,Online,4,USD,Completed
SO-503051,2025-12-26,18,2025-12-26,2025-12-28,C10224,Store,3,USD,Completed
SO-503052,2025-12-26,17,2025-12-26,2026-01-01,C10390,Wholesale,1,USD,Completed
SO-503053,2025-12-26,17,2025-12-26,2025-12-28,C10376,Online,2,USD,Completed
SO-503054,2025-12-26,17,2025-12-26,2025-12-28,C10374,Marketplace,2,USD,Completed
SO-503055,2025-12-26,18,2025-12-26,2025-12-27,C10023,Online,3,USD,Completed
SO-503056,2025-12-27,17,2025-12-27,2025-12-31,C10056,Store,2,USD,Completed
SO-503057,2025-12-27,10,2025-12-27,2025-12-28,C10035,Online,3,USD,Completed
SO-503058,2025-12-27,18,2025-12-27,2025-12-28,C10333,Online,1,USD,Completed
SO-503059,2025-12-27,15,2025-12-27,2025-12-29,C10275,Online,2,USD,Completed
SO-503060,2025-12-27,10,2025-12-27,2025-12-29,C10301,Store,1,USD,Completed
SO-503061,2025-12-27,10,2025-12-27,2025-12-30,C10128,Store,3,USD,Completed
SO-503062,2025-12-27,15,2025-12-27,2025-12-28,C10130,Store,1,USD,Completed
SO-503063,2025-12-27,16,2025-12-27,2025-12-29,C10387,Store,3,USD,Completed
SO-503064,2025-12-27,21,2025-12-27,2025-12-31,C10233,Online,1,USD,Completed
SO-503065,2025-12-27,15,2025-12-27,2025-12-31,C10141,Store,1,USD,Completed
SO-503066,2025-12-27,19,2025-12-27,2025-12-29,C10170,Online,4,USD,Completed
SO-503067,2025-12-27,20,2025-12-27,2025-12-31,C10348,Online,1,USD,Completed
SO-503068,2025-12-27,12,2025-12-27,2025-12-28,C10373,Online,4,USD,Completed
SO-503069,2025-12-27,19,2025-12-27,2025-12-30,C10233,Wholesale,1,USD,Completed
SO-503070,2025-12-28,13,2025-12-28,2025-12-31,C10231,Online,3,USD,Completed
SO-503071,2025-12-28,9,2025-12-28,2026-01-01,C10360,Online,1,USD,Completed
SO-503072,2025-12-28,21,2025-12-28,2026-01-01,C10265,Online,4,USD,Completed
SO-503073,2025-12-28,18,2025-12-28,2025-12-29,C10062,Online,2,USD,Completed
SO-503074,2025-12-28,12,2025-12-28,2025-12-31,C10298,Store,2,USD,Completed
SO-503075,2025-12-28,20,2025-12-28,2025-12-29,C10217,Online,3,USD,Completed
SO-503076,2025-12-28,14,2025-12-28,2025-12-31,C10223,Store,1,USD,Completed
SO-503077,2025-12-28,20,2025-12-28,2026-01-01,C10079,Store,3,USD,Completed
SO-503078,2025-12-28,16,2025-12-28,2025-12-30,C10229,Online,1,USD,Completed
SO-503079,2025-12-28,8,2025-12-28,2025-12-31,C10036,Online,2,USD,Completed
SO-503080,2025-12-28,17,2025-12-28,2026-01-01,C10259,Store,4,USD,Completed
SO-503081,2025-12-29,18,2025-12-29,2026-01-01,C10352,Store,1,USD,Completed
SO-503082,2025-12-29,9,2025-12-29,2025-12-30,C10222,Online,2,USD,Completed
SO-503083,2025-12-29,21,2025-12-29,2026-01-02,C10148,Marketplace,5,EUR,Completed
SO-503084,2025-12-29,9,2025-12-29,2026-01-02,C10028,Online,3,USD,Completed
SO-503085,2025-12-29,17,2025-12-29,2026-01-02,C10373,Store,4,USD,Completed
SO-503086,2025-12-29,12,2025-12-29,2026-01-02,C10117,Marketplace,2,USD,Completed
SO-503087,2025-12-29,9,2025-12-29,2025-12-31,C10141,Store,1,USD,Completed
SO-503088,2025-12-29,13,2025-12-29,2026-01-02,C10163,Store,3,USD,Completed
SO-503089,2025-12-29,12,2025-12-29,2026-01-02,C10166,Online,1,USD,Completed
SO-503090,2025-12-30,21,2025-12-30,2026-01-01,C10083,Online,3,USD,Completed
SO-503091,2025-12-30,10,2025-12-30,2026-01-01,C10209,Online,2,USD,Completed
SO-503092,2025-12-30,8,2025-12-30,2026-01-02,C10232,Store,3,USD,Completed
SO-503093,2025-12-30,11,2025-12-30,2025-12-31,C10197,Online,3,USD,Completed
SO-503094,2025-12-30,20,2025-12-30,2026-01-03,C10348,Online,1,USD,Completed
SO-503095,2025-12-30,21,2025-12-30,2026-01-03,C10157,Online,2,USD,Completed
SO-503096,2025-12-30,13,2025-12-30,2026-01-02,C10308,Online,1,USD,Completed
SO-503097,2025-12-30,15,2025-12-30,2026-01-01,C10141,Online,1,USD,Completed
SO-503098,2025-12-30,11,2025-12-30,2026-01-01,C10166,Online,1,USD,Completed
SO-503099,2025-12-30,15,2025-12-30,2026-01-02,C10120,Marketplace,1,USD,Completed
SO-503100,2025-12-31,22,2026-01-01,2026-01-04,C10323,Online,2,USD,Completed
SO-503101,2025-12-31,10,2025-12-31,2026-01-01,C10042,Online,3,USD,Completed
SO-503102,2025-12-31,11,2025-12-31,2026-01-04,C10407,Marketplace,4,USD,Completed
SO-503103,2025-12-31,9,2025-12-31,2026-01-01,C10407,Store,3,USD,Completed
SO-503104,2025-12-31,20,2026-01-01,2026-01-04,C10222,Online,2,USD,Completed
SO-503105,2025-12-31,15,2025-12-31,2026-01-02,C10281,Store,3,USD,Completed
SO-503106,2025-12-31,18,2026-01-01,2026-01-02,C10367,Online,5,EUR,Completed
SO-503107,2025-12-31,10,2025-12-31,2026-01-01,C10185,Online,1,USD,Completed
SO-503108,2025-12-31,11,2025-12-31,2026-01-02,C10002,Online,3,USD,Completed
SO-503109,2025-12-31,11,2025-12-31,2026-01-04,C10042,Online,1,USD,Completed
SO-503110,2025-12-31,14,2025-12-31,2026-01-02,C10157,Online,4,USD,Completed
SO-503111,2025-12-31,12,2025-12-31,2026-01-03,C10272,Online,4,USD,Completed
SO-503112,2026-01-01,17,2026-01-01,2026-01-02,C10065,Store,1,USD,Completed
SO-503113,2026-01-01,10,2026-01-01,2026-01-03,C10259,Online,4,USD,Completed
SO-503114,2026-01-01,19,2026-01-01,2026-01-04,C10135,Online,2,USD,Completed
SO-503115,2026-01-01,22,2026-01-01,2026-01-03,C10171,Marketplace,2,USD,Completed
SO-503116,2026-01-01,22,2026-01-01,2026-01-04,C10149,Online,4,USD,Completed
SO-503117,2026-01-02,20,2026-01-02,2026-01-05,C10304,Online,2,USD,Completed
SO-503118,2026-01-02,20,2026-01-02,2026-01-04,C10100,Online,4,USD,Completed
SO-503119,2026-01-02,18,2026-01-02,2026-01-06,C10024,Store,3,USD,Completed
SO-503120,2026-01-02,14,2026-01-02,2026-01-05,C10325,Online,2,USD,Completed
SO-503121,2026-01-02,15,2026-01-02,2026-01-04,C10250,Store,1,USD,Completed
SO-503122,2026-01-02,10,2026-01-02,2026-01-05,C10216,Wholesale,3,USD,Completed
SO-503123,2026-01-03,12,2026-01-03,2026-01-04,C10348,Online,4,USD,Completed
SO-503124,2026-01-03,12,2026-01-03,2026-01-07,C10330,Online,4,USD,Completed
SO-503125,2026-01-03,8,2026-01-03,2026-01-05,C10098,Online,2,USD,Completed
SO-503126,2026-01-03,11,2026-01-03,2026-01-06,C10181,Online,3,USD,Completed
SO-503127,2026-01-03,13,2026-01-03,2026-01-07,C10123,Online,4,USD,Completed
SO-503128,2026-01-03,13,2026-01-03,2026-01-05,C10202,Online,4,USD,Completed
SO-503129,2026-01-03,21,2026-01-03,2026-01-07,C10050,Store,2,USD,Completed
SO-503130,2026-01-03,15,2026-01-03,2026-01-06,C10037,Online,1,USD,Completed
SO-503131,2026-01-04,12,2026-01-04,,C10396,Online,4,USD,Cancelled
SO-503132,2026-01-04,12,2026-01-04,2026-01-05,C10121,Online,4,USD,Completed
SO-503133,2026-01-04,22,2026-01-04,2026-01-07,C10266,Online,3,USD,Completed
SO-503134,2026-01-04,20,2026-01-04,2026-01-07,C10038,Online,1,USD,Completed
SO-503135,2026-01-04,16,2026-01-04,2026-01-07,C10041,Store,4,USD,Completed
SO-503136,2026-01-04,13,2026-01-04,2026-01-06,C10056,Online,2,USD,Completed
SO-503137,2026-01-04,10,2026-01-04,2026-01-06,C10093,Marketplace,1,USD,Completed
SO-503138,2026-01-05,18,2026-01-05,2026-01-08,C10324,Online,2,USD,Completed
SO-503139,2026-01-05,10,2026-01-05,2026-01-07,C10174,Online,5,EUR,Completed
SO-503140,2026-01-05,13,2026-01-05,2026-01-06,C10134,Online,4,USD,Completed
SO-503141,2026-01-05,20,2026-01-05,2026-01-08,C10016,Online,1,USD,Completed
SO-503142,2026-01-06,17,2026-01-06,2026-01-10,C10254,Store,5,EUR,Completed
SO-503143,2026-01-06,14,2026-01-06,2026-01-07,C10306,Online,3,USD,Completed
SO-503144,2026-01-06,18,2026-01-06,2026-01-07,C10103,Store,5,EUR,Completed
SO-503145,2026-01-06,13,2026-01-06,2026-01-07,C10002,Store,3,USD,Completed
SO-503146,2026-01-06,12,2026-01-06,2026-01-10,C10353,Store,3,USD,Completed
SO-503147,2026-01-06,16,2026-01-06,2026-01-08,C10117,Store,2,USD,Completed
SO-503148,2026-01-06,9,2026-01-06,2026-01-08,C10042,Online,3,USD,Completed
SO-503149,2026-01-06,12,2026-01-06,2026-01-10,C10239,Marketplace,2,USD,Completed
SO-503150,2026-01-07,14,2026-01-07,2026-01-08,C10275,Marketplace,1,USD,Completed
SO-503151,2026-01-07,16,2026-01-07,2026-01-08,C10192,Store,3,USD,Completed
SO-503152,2026-01-07,11,2026-01-07,2026-01-09,C10263,Marketplace,1,USD,Completed
SO-503153,2026-01-07,12,2026-01-07,2026-01-08,C10398,Marketplace,3,USD,Completed
SO-503154,2026-01-08,15,2026-01-08,2026-01-12,C10246,Marketplace,1,USD,Completed
SO-503155,2026-01-08,15,2026-01-08,2026-01-11,C10061,Store,3,USD,Completed
SO-503156,2026-01-08,14,2026-01-08,2026-01-10,C10039,Store,5,EUR,Completed
SO-503157,2026-01-08,16,2026-01-08,2026-01-10,C10117,Online,1,USD,Completed
SO-503158,2026-01-08,13,2026-01-08,2026-01-10,C10365,Store,2,USD,Completed
SO-503159,2026-01-08,17,2026-01-08,2026-01-10,C10379,Store,3,USD,Completed
SO-503160,2026-01-08,10,2026-01-08,2026-01-10,C10056,Store,2,USD,Completed
SO-503161,2026-01-08,9,2026-01-08,2026-01-12,C10066,Online,3,USD,Completed
SO-503162,2026-01-09,9,2026-01-09,2026-01-10,C10259,Online,4,USD,Completed
SO-503163,2026-01-09,17,2026-01-09,2026-01-11,C10148,Online,5,EUR,Completed
SO-503164,2026-01-09,8,2026-01-09,2026-01-13,C10068,Store,4,USD,Completed
SO-503165,2026-01-09,8,2026-01-09,2026-01-12,C10260,Marketplace,1,USD,Completed
SO-503166,2026-01-09,18,2026-01-09,2026-01-11,C10058,Store,2,USD,Completed
SO-503167,2026-01-09,14,2026-01-09,2026-01-13,C10281,Marketplace,3,USD,Completed
SO-503168,2026-01-09,11,2026-01-09,2026-01-10,C10095,Online,4,USD,Completed
SO-503169,2026-01-10,20,2026-01-10,2026-01-12,C10185,Online,1,USD,Completed
SO-503170,2026-01-10,19,2026-01-10,2026-01-11,C10408,Store,2,USD,Completed
SO-503171,2026-01-10,12,2026-01-10,2026-01-12,C10203,Store,3,USD,Completed
SO-503172,2026-01-10,16,2026-01-10,2026-01-14,C10035,Online,3,USD,Completed
SO-503173,2026-01-10,16,2026-01-10,2026-01-12,C10185,Online,1,USD,Completed
SO-503174,2026-01-10,15,2026-01-10,2026-01-11,C10112,Online,1,USD,Completed
SO-503175,2026-01-10,10,2026-01-10,2026-01-16,C10077,Wholesale,4,USD,Completed
SO-503176,2026-01-10,9,2026-01-10,2026-01-14,C10052,Store,3,USD,Completed
SO-503177,2026-01-11,13,2026-01-11,2026-01-12,C10350,Online,1,USD,Completed
SO-503178,2026-01-11,18,2026-01-11,2026-01-14,C10124,Store,3,USD,Completed
SO-503179,2026-01-11,21,2026-01-11,2026-01-14,C10128,Store,3,USD,Completed
SO-503180,2026-01-11,21,2026-01-11,2026-01-13,C10407,Store,3,USD,Completed
SO-503181,2026-01-11,22,2026-01-11,2026-01-15,C10147,Store,1,USD,Completed
SO-503182,2026-01-11,21,2026-01-11,2026-01-15,C10319,Marketplace,1,USD,Completed
SO-503183,2026-01-12,11,2026-01-12,2026-01-14,C10309,Marketplace,4,USD,Completed
SO-503184,2026-01-12,15,2026-01-12,2026-01-14,C10413,Online,5,EUR,Completed
SO-503185,2026-01-12,10,2026-01-12,2026-01-15,C10367,Online,5,EUR,Completed
SO-503186,2026-01-12,15,2026-01-12,2026-01-13,C10398,Store,3,USD,Completed
SO-503187,2026-01-12,18,2026-01-12,2026-01-16,C10196,Online,4,USD,Completed
SO-503188,2026-01-12,15,2026-01-12,2026-01-16,C10018,Online,1,USD,Completed
SO-503189,2026-01-13,11,2026-01-13,2026-01-17,C10370,Store,1,USD,Completed
SO-503190,2026-01-13,9,2026-01-13,2026-01-15,C10280,Store,1,USD,Completed
SO-503191,2026-01-13,10,2026-01-13,2026-01-17,C10258,Store,3,USD,Completed
SO-503192,2026-01-13,14,2026-01-13,2026-01-14,C10073,Online,1,USD,Completed
SO-503193,2026-01-13,20,2026-01-13,2026-01-16,C10077,Wholesale,1,USD,Completed
SO-503194,2026-01-13,17,2026-01-13,2026-01-16,C10199,Store,5,EUR,Completed
SO-503195,2026-01-14,19,2026-01-14,2026-01-16,C10148,Wholesale,5,EUR,Completed
SO-503196,2026-01-14,9,2026-01-14,2026-01-17,C10192,Store,3,USD,Completed
SO-503197,2026-01-14,16,2026-01-14,2026-01-17,C10097,Store,4,USD,Completed
SO-503198,2026-01-14,9,2026-01-14,2026-01-15,C10168,Online,1,USD,Completed
SO-503199,2026-01-14,16,2026-01-14,2026-01-18,C10077,Wholesale,4,USD,Completed
SO-503200,2026-01-15,18,2026-01-15,2026-01-22,C10323,Wholesale,2,USD,Completed
SO-503201,2026-01-15,14,2026-01-15,2026-01-17,C10182,Online,1,USD,Completed
SO-503202,2026-01-15,18,2026-01-15,2026-01-18,C10188,Online,4,USD,Completed
SO-503203,2026-01-15,12,2026-01-15,2026-01-21,C10177,Wholesale,1,USD,Completed
SO-503204,2026-01-15,22,2026-01-15,2026-01-16,C10355,Store,2,USD,Completed
SO-503205,2026-01-15,14,2026-01-15,,C10102,Marketplace,1,USD,Cancelled
SO-503206,2026-01-15,22,2026-01-15,2026-01-19,C10171,Store,2,USD,Completed
SO-503207,2026-01-15,14,2026-01-15,2026-01-17,C10203,Online,3,USD,Completed
SO-503208,2026-01-16,21,2026-01-16,2026-01-17,C10298,Store,2,USD,Completed
SO-503209,2026-01-16,14,2026-01-16,2026-01-20,C10367,Online,5,EUR,Completed
SO-503210,2026-01-16,10,2026-01-16,2026-01-18,C10305,Store,3,USD,Completed
SO-503211,2026-01-16,8,2026-01-16,2026-01-18,C10201,Online,3,USD,Completed
SO-503212,2026-01-16,20,2026-01-16,2026-01-17,C10308,Marketplace,1,USD,Completed
SO-503213,2026-01-16,10,2026-01-16,2026-01-18,C10373,Online,4,USD,Completed
SO-503214,2026-01-16,13,2026-01-16,2026-01-18,C10310,Online,5,EUR,Completed
SO-503215,2026-01-17,12,2026-01-17,,C10014,Online,3,USD,Cancelled
SO-503216,2026-01-17,14,2026-01-17,2026-01-20,C10198,Store,2,USD,Completed
SO-503217,2026-01-17,20,2026-01-17,2026-01-21,C10037,Store,1,USD,Completed
SO-503218,2026-01-17,17,2026-01-17,2026-01-21,C10095,Marketplace,4,USD,Completed
SO-503219,2026-01-17,8,2026-01-17,2026-01-18,C10231,Online,3,USD,Completed
SO-503220,2026-01-17,19,2026-01-17,2026-01-21,C10046,Marketplace,1,USD,Completed
SO-503221,2026-01-17,22,2026-01-17,2026-01-21,C10154,Online,5,EUR,Completed
SO-503222,2026-01-18,16,2026-01-18,2026-01-19,C10261,Online,3,USD,Completed
SO-503223,2026-01-18,17,2026-01-18,2026-01-19,C10296,Online,5,EUR,Completed
SO-503224,2026-01-18,19,2026-01-18,2026-01-23,C10266,Wholesale,3,USD,Completed
SO-503225,2026-01-18,10,2026-01-18,2026-01-22,C10322,Store,1,USD,Completed
SO-503226,2026-01-18,21,2026-01-18,2026-01-20,C10012,Store,3,USD,Completed
SO-503227,2026-01-18,21,2026-01-18,2026-01-22,C10310,Online,5,EUR,Completed
SO-503228,2026-01-18,20,2026-01-18,2026-01-20,C10339,Online,1,USD,Completed
SO-503229,2026-01-18,21,2026-01-18,2026-01-20,C10126,Online,5,EUR,Completed
SO-503230,2026-01-19,16,2026-01-19,2026-01-21,C10013,Online,4,USD,Completed
SO-503231,2026-01-19,10,2026-01-19,2026-01-25,C10370,Wholesale,2,USD,Completed
SO-503232,2026-01-19,17,2026-01-19,2026-01-23,C10333,Store,4,USD,Completed
SO-503233,2026-01-19,13,2026-01-19,2026-01-22,C10297,Online,3,USD,Completed
SO-503234,2026-01-19,20,2026-01-19,2026-01-22,C10221,Store,1,USD,Completed
SO-503235,2026-01-19,8,2026-01-19,2026-01-22,C10077,Wholesale,4,USD,Completed
SO-503236,2026-01-20,21,2026-01-20,2026-01-22,C10138,Marketplace,3,USD,Completed
SO-503237,2026-01-20,10,2026-01-20,2026-01-23,C10342,Store,5,EUR,Completed
SO-503238,2026-01-20,8,2026-01-20,2026-01-22,C10073,Online,1,USD,Completed
SO-503239,2026-01-20,11,2026-01-20,2026-01-21,C10391,Online,2,USD,Completed
SO-503240,2026-01-20,10,2026-01-20,2026-01-21,C10077,Wholesale,4,USD,Completed
SO-503241,2026-01-21,11,2026-01-21,2026-01-23,C10041,Store,1,USD,Completed
SO-503242,2026-01-21,9,2026-01-21,2026-01-24,C10094,Marketplace,1,USD,Completed
SO-503243,2026-01-21,19,2026-01-21,2026-01-22,C10400,Online,1,USD,Completed
SO-503244,2026-01-21,16,2026-01-21,,C10153,Online,1,USD,Cancelled
SO-503245,2026-01-21,22,2026-01-21,2026-01-25,C10189,Online,5,EUR,Completed
SO-503246,2026-01-22,12,2026-01-22,2026-01-27,C10204,Wholesale,3,USD,Completed
SO-503247,2026-01-22,21,2026-01-22,2026-01-24,C10230,Online,3,USD,Completed
SO-503248,2026-01-22,15,2026-01-22,2026-01-24,C10275,Online,2,USD,Completed
SO-503249,2026-01-22,8,2026-01-22,2026-01-25,C10025,Store,2,USD,Completed
SO-503250,2026-01-22,15,2026-01-22,2026-01-23,C10046,Online,2,USD,Completed
SO-503251,2026-01-22,8,2026-01-22,2026-01-23,C10113,Online,4,USD,Completed
SO-503252,2026-01-22,12,2026-01-22,2026-01-25,C10176,Store,5,EUR,Completed
SO-503253,2026-01-22,15,2026-01-22,2026-01-26,C10323,Online,3,USD,Completed
SO-503254,2026-01-23,8,2026-01-23,2026-01-27,C10296,Store,5,EUR,Completed
SO-503255,2026-01-23,11,2026-01-23,2026-01-26,C10040,Online,1,USD,Completed
SO-503256,2026-01-23,18,2026-01-23,2026-01-27,C10077,Wholesale,4,USD,Completed
SO-503257,2026-01-23,9,2026-01-23,2026-01-25,C10102,Store,1,USD,Completed
SO-503258,2026-01-23,22,2026-01-23,2026-01-27,C10226,Store,3,USD,Completed
SO-503259,2026-01-24,14,2026-01-24,2026-01-28,C10259,Online,1,USD,Completed
SO-503260,2026-01-24,11,2026-01-24,2026-01-27,C10279,Online,3,USD,Completed
SO-503261,2026-01-24,8,2026-01-24,2026-01-25,C10285,Store,2,USD,Completed
SO-503262,2026-01-24,19,2026-01-24,2026-01-27,C10039,Online,5,EUR,Completed
SO-503263,2026-01-24,16,2026-01-24,2026-01-26,C10117,Online,2,USD,Completed
SO-503264,2026-01-24,8,2026-01-24,2026-01-26,C10381,Online,4,USD,Completed
SO-503265,2026-01-25,16,2026-01-25,2026-01-26,C10280,Marketplace,1,USD,Completed
SO-503266,2026-01-25,18,2026-01-25,2026-01-27,C10205,Online,4,USD,Completed
SO-503267,2026-01-25,19,2026-01-25,2026-01-27,C10323,Marketplace,2,USD,Completed
SO-503268,2026-01-25,18,2026-01-25,2026-01-27,C10214,Online,5,EUR,Completed
SO-503269,2026-01-25,9,2026-01-25,2026-01-28,C10001,Online,5,EUR,Completed
SO-503270,2026-01-25,15,2026-01-25,2026-01-29,C10172,Online,3,USD,Completed
SO-503271,2026-01-26,9,2026-01-26,2026-01-28,C10355,Online,2,USD,Completed
SO-503272,2026-01-26,17,2026-01-26,2026-01-29,C10108,Store,2,USD,Completed
SO-503273,2026-01-26,15,2026-01-26,2026-01-28,C10202,Marketplace,4,USD,Completed
SO-503274,2026-01-26,18,2026-01-26,2026-01-29,C10090,Wholesale,3,USD,Completed
SO-503275,2026-01-26,21,2026-01-26,2026-01-28,C10237,Online,5,EUR,Completed
SO-503276,2026-01-27,21,2026-01-27,2026-01-28,C10226,Marketplace,4,USD,Completed
SO-503277,2026-01-27,21,2026-01-27,2026-01-30,C10162,Online,2,USD,Completed
SO-503278,2026-01-27,19,2026-01-27,2026-01-28,C10031,Store,3,USD,Completed
SO-503279,2026-01-27,14,2026-01-27,2026-01-30,C10398,Online,3,USD,Completed
SO-503280,2026-01-27,14,2026-01-27,2026-01-30,C10265,Online,4,USD,Completed
SO-503281,2026-01-27,19,2026-01-27,2026-01-28,C10009,Online,1,USD,Completed
SO-503282,2026-01-28,21,2026-01-28,2026-01-29,C10168,Online,1,USD,Completed
SO-503283,2026-01-28,18,2026-01-28,2026-01-31,C10077,Wholesale,4,USD,Completed
SO-503284,2026-01-28,10,2026-01-28,2026-01-30,C10304,Online,4,USD,Completed
SO-503285,2026-01-28,11,2026-01-28,2026-01-30,C10179,Online,3,USD,Completed
SO-503286,2026-01-28,8,2026-01-28,2026-02-01,C10113,Online,4,USD,Completed
SO-503287,2026-01-28,19,2026-01-28,2026-01-31,C10354,Marketplace,1,USD,Completed
SO-503288,2026-01-28,14,2026-01-28,,C10259,Store,4,USD,Cancelled
SO-503289,2026-01-28,10,2026-01-28,2026-02-01,C10275,Online,2,USD,Completed
SO-503290,2026-01-29,22,2026-01-29,2026-02-01,C10310,Online,5,EUR,Completed
SO-503291,2026-01-29,10,2026-01-29,2026-01-30,C10323,Store,2,USD,Completed
SO-503292,2026-01-29,16,2026-01-29,2026-01-31,C10266,Online,3,USD,Completed
SO-503293,2026-01-29,14,2026-01-29,2026-02-01,C10323,Marketplace,2,USD,Completed
SO-503294,2026-01-30,17,2026-01-30,2026-01-31,C10018,Store,1,USD,Completed
SO-503295,2026-01-30,19,2026-01-30,2026-01-31,C10396,Store,1,USD,Completed
SO-503296,2026-01-30,19,2026-01-30,2026-02-03,C10355,Online,1,USD,Completed
SO-503297,2026-01-30,19,2026-01-30,2026-02-02,C10086,Marketplace,5,EUR,Completed
SO-503298,2026-01-30,20,2026-01-30,2026-02-02,C10407,Online,4,USD,Completed
SO-503299,2026-01-30,12,2026-01-30,2026-02-02,C10245,Store,2,USD,Completed
SO-503300,2026-01-31,21,2026-02-01,2026-02-04,C10330,Online,4,USD,Completed
SO-503301,2026-01-31,13,2026-01-31,2026-02-03,C10387,Online,1,USD,Completed
SO-503302,2026-01-31,17,2026-01-31,2026-02-01,C10042,Store,3,USD,Completed
SO-503303,2026-01-31,14,2026-01-31,2026-02-02,C10406,Online,2,USD,Completed
SO-503304,2026-01-31,9,2026-01-31,2026-02-04,C10131,Online,2,USD,Completed
SO-503305,2026-01-31,8,2026-01-31,2026-02-02,C10073,Online,1,USD,Completed
SO-503306,2026-01-31,15,2026-01-31,2026-02-02,C10348,Store,1,USD,Completed
SO-503307,2026-02-01,13,2026-02-01,2026-02-02,C10364,Online,4,USD,Completed
SO-503308,2026-02-01,15,2026-02-01,2026-02-05,C10024,Store,3,USD,Completed
SO-503309,2026-02-01,9,2026-02-01,2026-02-02,C10184,Online,3,USD,Completed
SO-503310,2026-02-01,10,2026-02-01,2026-02-04,C10258,Store,3,USD,Completed
SO-503311,2026-02-01,14,2026-02-01,2026-02-04,C10042,Marketplace,3,USD,Completed
SO-503312,2026-02-01,10,2026-02-01,2026-02-03,C10255,Online,2,USD,Completed
SO-503313,2026-02-01,22,2026-02-01,2026-02-05,C10187,Online,2,USD,Completed
SO-503314,2026-02-01,10,2026-02-01,2026-02-04,C10210,Store,2,USD,Completed
SO-503315,2026-02-02,20,2026-02-02,2026-02-06,C10073,Store,1,USD,Completed
SO-503316,2026-02-02,18,2026-02-02,2026-02-05,C10348,Online,1,USD,Completed
SO-503317,2026-02-02,20,2026-02-02,2026-02-03,C10005,Online,4,USD,Completed
SO-503318,2026-02-02,16,2026-02-02,2026-02-03,C10178,Online,2,USD,Completed
SO-503319,2026-02-02,11,2026-02-02,2026-02-03,C10077,Wholesale,4,USD,Completed
SO-503320,2026-02-03,17,2026-02-03,2026-02-07,C10273,Online,3,USD,Completed
SO-503321,2026-02-03,12,2026-02-03,2026-02-05,C10051,Online,3,USD,Completed
SO-503322,2026-02-03,21,2026-02-03,2026-02-05,C10273,Store,3,USD,Completed
SO-503323,2026-02-03,14,2026-02-03,2026-02-07,C10185,Store,1,USD,Completed
SO-503324,2026-02-03,10,2026-02-03,2026-02-06,C10360,Online,1,USD,Completed
SO-503325,2026-02-03,16,2026-02-03,2026-02-05,C10285,Online,2,USD,Completed
SO-503326,2026-02-04,19,2026-02-04,2026-02-07,C10265,Store,4,USD,Completed
SO-503327,2026-02-04,14,2026-02-04,2026-02-07,C10242,Online,4,USD,Completed
SO-503328,2026-02-04,16,2026-02-04,2026-02-07,C10283,Store,3,USD,Completed
SO-503329,2026-02-04,20,2026-02-04,2026-02-05,C10234,Marketplace,5,EUR,Completed
SO-503330,2026-02-04,19,2026-02-04,2026-02-05,C10360,Marketplace,1,USD,Completed
SO-503331,2026-02-04,22,2026-02-04,2026-02-05,C10285,Online,3,USD,Completed
SO-503332,2026-02-05,20,2026-02-05,2026-02-06,C10259,Online,4,USD,Completed
SO-503333,2026-02-05,11,2026-02-05,2026-02-06,C10297,Store,2,USD,Completed
SO-503334,2026-02-05,21,2026-02-05,2026-02-07,C10023,Marketplace,3,USD,Completed
SO-503335,2026-02-05,13,2026-02-05,2026-02-06,C10370,Online,1,USD,Completed
SO-503336,2026-02-05,9,2026-02-05,2026-02-06,C10250,Online,1,USD,Completed
SO-503337,2026-02-05,11,2026-02-05,2026-02-06,C10113,Store,1,USD,Completed
SO-503338,2026-02-06,13,2026-02-06,2026-02-09,C10234,Wholesale,5,EUR,Completed
SO-503339,2026-02-06,19,2026-02-06,2026-02-10,C10259,Store,4,USD,Completed
SO-503340,2026-02-06,14,2026-02-06,2026-02-10,C10334,Marketplace,2,USD,Completed
SO-503341,2026-02-06,15,2026-02-06,2026-02-08,C10113,Online,3,USD,Completed
SO-503342,2026-02-06,20,2026-02-06,2026-02-08,C10061,Online,1,USD,Completed
SO-503343,2026-02-07,10,2026-02-07,,C10121,Store,4,USD,Cancelled
SO-503344,2026-02-07,8,2026-02-07,2026-02-09,C10141,Online,1,USD,Completed
SO-503345,2026-02-07,21,2026-02-07,2026-02-08,C10018,Store,1,USD,Completed
SO-503346,2026-02-07,16,2026-02-07,2026-02-10,C10270,Marketplace,3,USD,Completed
SO-503347,2026-02-07,10,2026-02-07,2026-02-09,C10188,Marketplace,4,USD,Completed
SO-503348,2026-02-07,16,2026-02-07,2026-02-11,C10141,Store,4,USD,Completed
SO-503349,2026-02-07,8,2026-02-07,2026-02-09,C10396,Online,1,USD,Completed
SO-503350,2026-02-07,12,2026-02-07,2026-02-11,C10378,Store,2,USD,Completed
SO-503351,2026-02-08,17,2026-02-08,2026-02-09,C10277,Store,2,USD,Completed
SO-503352,2026-02-08,10,2026-02-08,2026-02-11,C10223,Store,1,USD,Completed
SO-503353,2026-02-08,15,2026-02-08,2026-02-11,C10040,Store,1,USD,Completed
SO-503354,2026-02-08,21,2026-02-08,2026-02-11,C10395,Store,1,USD,Completed
SO-503355,2026-02-08,11,2026-02-08,2026-02-11,C10014,Store,3,USD,Completed
SO-503356,2026-02-08,10,2026-02-08,2026-02-10,C10348,Marketplace,1,USD,Completed
SO-503357,2026-02-08,13,2026-02-08,2026-02-09,C10381,Store,4,USD,Completed
SO-503358,2026-02-08,19,2026-02-08,,C10276,Store,1,USD,Cancelled
SO-503359,2026-02-09,14,2026-02-09,2026-02-10,C10173,Store,1,USD,Completed
SO-503360,2026-02-09,22,2026-02-09,2026-02-11,C10397,Online,3,USD,Completed
SO-503361,2026-02-09,21,2026-02-09,2026-02-11,C10415,Store,3,USD,Completed
SO-503362,2026-02-09,10,2026-02-09,2026-02-10,C10298,Store,2,USD,Completed
SO-503363,2026-02-09,11,2026-02-09,2026-02-10,C10223,Store,1,USD,Completed
SO-503364,2026-02-09,14,2026-02-09,2026-02-12,C10061,Online,3,USD,Completed
SO-503365,2026-02-10,21,2026-02-10,2026-02-14,C10142,Marketplace,2,USD,Completed
SO-503366,2026-02-10,8,2026-02-10,2026-02-12,C10217,Online,3,USD,Completed
SO-503367,2026-02-10,13,2026-02-10,2026-02-11,C10395,Marketplace,1,USD,Completed
SO-503368,2026-02-10,15,2026-02-10,2026-02-11,C10323,Marketplace,2,USD,Completed
SO-503369,2026-02-10,19,2026-02-10,2026-02-11,C10113,Store,3,USD,Completed
SO-503370,2026-02-10,8,2026-02-10,2026-02-12,C10184,Store,3,USD,Completed
SO-503371,2026-02-11,9,2026-02-11,2026-02-12,C10375,Store,2,USD,Completed
SO-503372,2026-02-11,17,2026-02-11,2026-02-15,C10296,Online,5,EUR,Completed
SO-503373,2026-02-11,15,2026-02-11,2026-02-15,C10135,Online,2,USD,Completed
SO-503374,2026-02-11,16,2026-02-11,2026-02-15,C10419,Online,2,USD,Completed
SO-503375,2026-02-11,11,2026-02-11,,C10203,Online,1,USD,Cancelled
SO-503376,2026-02-11,17,2026-02-11,2026-02-12,C10001,Store,5,EUR,Completed
SO-503377,2026-02-12,8,2026-02-12,2026-02-13,C10258,Online,3,USD,Completed
SO-503378,2026-02-12,17,2026-02-12,2026-02-14,C10042,Online,1,USD,Completed
SO-503379,2026-02-12,10,2026-02-12,2026-02-14,C10259,Online,4,USD,Completed
SO-503380,2026-02-12,15,2026-02-12,,C10407,Store,4,USD,Cancelled
SO-503381,2026-02-12,12,2026-02-12,2026-02-13,C10041,Online,4,USD,Completed
SO-503382,2026-02-12,9,2026-02-12,2026-02-15,C10272,Online,1,USD,Completed
SO-503383,2026-02-12,15,2026-02-12,2026-02-15,C10398,Store,2,USD,Completed
SO-503384,2026-02-12,13,2026-02-12,2026-02-13,C10062,Online,2,USD,Completed
SO-503385,2026-02-13,11,2026-02-13,2026-02-17,C10317,Online,5,EUR,Completed
SO-503386,2026-02-13,21,2026-02-13,2026-02-15,C10219,Online,1,USD,Completed
SO-503387,2026-02-13,16,2026-02-13,2026-02-17,C10042,Store,3,USD,Completed
SO-503388,2026-02-13,12,2026-02-13,2026-02-14,C10149,Marketplace,3,USD,Completed
SO-503389,2026-02-13,17,2026-02-13,2026-02-16,C10377,Store,3,USD,Completed
SO-503390,2026-02-14,11,2026-02-14,,C10393,Store,2,USD,Cancelled
SO-503391,2026-02-14,14,2026-02-14,2026-02-16,C10122,Online,3,USD,Completed
SO-503392,2026-02-14,17,2026-02-14,2026-02-18,C10266,Online,3,USD,Completed
SO-503393,2026-02-14,9,2026-02-14,2026-02-20,C10367,Wholesale,5,EUR,Completed
SO-503394,2026-02-14,14,2026-02-14,2026-02-18,C10323,Marketplace,2,USD,Completed
SO-503395,2026-02-14,21,2026-02-14,2026-02-18,C10113,Marketplace,3,USD,Completed
SO-503396,2026-02-14,9,2026-02-14,2026-02-17,C10091,Online,3,USD,Completed
SO-503397,2026-02-15,20,2026-02-15,,C10074,Store,1,USD,Cancelled
SO-503398,2026-02-15,10,2026-02-15,2026-02-19,C10141,Online,1,USD,Completed
SO-503399,2026-02-15,15,2026-02-15,2026-02-18,C10160,Online,2,USD,Completed
SO-503400,2026-02-15,8,2026-02-15,2026-02-16,C10042,Online,1,USD,Completed
SO-503401,2026-02-15,13,2026-02-15,2026-02-17,C10287,Marketplace,2,USD,Completed
SO-503402,2026-02-15,19,2026-02-15,2026-02-19,C10049,Online,3,USD,Completed
SO-503403,2026-02-15,18,2026-02-15,2026-02-16,C10106,Marketplace,3,USD,Completed
SO-503404,2026-02-15,17,2026-02-15,2026-02-17,C10042,Online,3,USD,Completed
SO-503405,2026-02-16,8,2026-02-16,2026-02-19,C10088,Store,3,USD,Completed
SO-503406,2026-02-16,20,2026-02-16,2026-02-17,C10277,Online,2,USD,Completed
SO-503407,2026-02-16,19,2026-02-16,2026-02-19,C10188,Store,4,USD,Completed
SO-503408,2026-02-16,17,2026-02-16,2026-02-19,C10105,Online,3,USD,Completed
SO-503409,2026-02-17,22,2026-02-17,2026-02-19,C10013,Store,4,USD,Completed
SO-503410,2026-02-17,22,2026-02-17,2026-02-18,C10002,Online,3,USD,Completed
SO-503411,2026-02-17,14,2026-02-17,2026-02-18,C10113,Wholesale,3,USD,Completed
SO-503412,2026-02-17,16,2026-02-17,2026-02-19,C10151,Marketplace,4,USD,Completed
SO-503413,2026-02-17,13,2026-02-17,2026-02-20,C10019,Store,3,USD,Completed
SO-503414,2026-02-17,19,2026-02-17,2026-02-21,C10107,Store,1,USD,Completed
SO-503415,2026-02-17,18,2026-02-17,2026-02-20,C10348,Online,1,USD,Completed
SO-503416,2026-02-17,21,2026-02-17,2026-02-18,C10086,Online,5,EUR,Completed
SO-503417,2026-02-18,18,2026-02-18,2026-02-22,C10004,Store,1,USD,Completed
SO-503418,2026-02-18,13,2026-02-18,2026-02-21,C10166,Wholesale,1,USD,Completed
SO-503419,2026-02-18,8,2026-02-18,2026-02-22,C10113,Online,3,USD,Completed
SO-503420,2026-02-18,14,2026-02-18,2026-02-21,C10188,Online,4,USD,Completed
SO-503421,2026-02-19,19,2026-02-19,2026-02-21,C10211,Online,3,USD,Completed
SO-503422,2026-02-19,18,2026-02-19,2026-02-20,C10231,Online,3,USD,Completed
SO-503423,2026-02-19,12,2026-02-19,2026-02-22,C10409,Online,4,USD,Completed
SO-503424,2026-02-19,12,2026-02-19,2026-02-21,C10210,Online,2,USD,Completed
SO-503425,2026-02-19,22,2026-02-19,2026-02-20,C10089,Online,2,USD,Completed
SO-503426,2026-02-19,18,2026-02-19,2026-02-20,C10414,Online,5,EUR,Completed
SO-503427,2026-02-20,11,2026-02-20,2026-02-22,C10004,Online,2,USD,Completed
SO-503428,2026-02-20,8,2026-02-20,2026-02-23,C10297,Online,2,USD,Completed
SO-503429,2026-02-20,10,2026-02-20,2026-02-24,C10263,Online,4,USD,Completed
SO-503430,2026-02-20,19,2026-02-20,2026-02-21,C10074,Online,1,USD,Completed
SO-503431,2026-02-20,22,2026-02-20,2026-02-22,C10302,Online,1,USD,Completed
SO-503432,2026-02-21,10,2026-02-21,2026-02-22,C10113,Store,3,USD,Completed
SO-503433,2026-02-21,18,2026-02-21,2026-02-23,C10395,Online,1,USD,Completed
SO-503434,2026-02-21,21,2026-02-21,2026-02-24,C10164,Online,2,USD,Completed
SO-503435,2026-02-21,19,2026-02-21,2026-02-25,C10269,Store,2,USD,Completed
SO-503436,2026-02-21,16,2026-02-21,2026-02-22,C10250,Online,1,USD,Completed
SO-503437,2026-02-21,13,2026-02-21,2026-02-23,C10201,Online,2,USD,Completed
SO-503438,2026-02-21,9,2026-02-21,2026-02-24,C10079,Online,3,USD,Completed
SO-503439,2026-02-21,11,2026-02-21,2026-02-24,C10407,Online,4,USD,Completed
SO-503440,2026-02-22,18,2026-02-22,2026-02-24,C10407,Online,4,USD,Completed
SO-503441,2026-02-22,20,2026-02-22,2026-02-25,C10268,Store,3,USD,Completed
SO-503442,2026-02-22,21,2026-02-22,2026-02-25,C10345,Online,2,USD,Completed
SO-503443,2026-02-22,17,2026-02-22,2026-02-23,C10023,Online,3,USD,Completed
SO-503444,2026-02-22,17,2026-02-22,2026-02-26,C10221,Online,2,USD,Completed
SO-503445,2026-02-22,21,2026-02-22,2026-02-25,C10362,Store,2,USD,Completed
SO-503446,2026-02-23,15,2026-02-23,2026-02-27,C10004,Online,3,USD,Completed
SO-503447,2026-02-23,18,2026-02-23,2026-02-27,C10202,Store,4,USD,Completed
SO-503448,2026-02-23,8,2026-02-23,2026-02-27,C10089,Store,2,USD,Completed
SO-503449,2026-02-23,8,2026-02-23,2026-02-26,C10376,Wholesale,1,USD,Completed
SO-503450,2026-02-23,15,2026-02-23,2026-02-26,C10062,Wholesale,2,USD,Completed
SO-503451,2026-02-23,22,2026-02-23,2026-02-26,C10323,Store,2,USD,Completed
SO-503452,2026-02-24,14,2026-02-24,2026-02-26,C10340,Store,1,USD,Completed
SO-503453,2026-02-24,20,2026-02-24,2026-02-27,C10338,Wholesale,2,USD,Completed
SO-503454,2026-02-24,14,2026-02-24,2026-02-25,C10217,Wholesale,3,USD,Completed
SO-503455,2026-02-24,20,2026-02-24,2026-02-26,C10157,Online,2,USD,Completed
SO-503456,2026-02-25,20,2026-02-25,2026-02-28,C10369,Store,4,USD,Completed
SO-503457,2026-02-25,22,2026-02-25,2026-02-28,C10183,Online,2,USD,Completed
SO-503458,2026-02-25,10,2026-02-25,2026-03-01,C10236,Online,3,USD,Completed
SO-503459,2026-02-25,16,2026-02-25,2026-02-27,C10062,Online,2,USD,Completed
SO-503460,2026-02-25,16,2026-02-25,2026-02-27,C10059,Online,4,USD,Completed
SO-503461,2026-02-26,8,2026-02-26,2026-03-02,C10113,Online,3,USD,Completed
SO-503462,2026-02-26,15,2026-02-26,2026-02-28,C10021,Wholesale,3,USD,Completed
SO-503463,2026-02-26,10,2026-02-26,2026-03-01,C10027,Staff,2,USD,Completed
SO-503464,2026-02-26,10,2026-02-26,2026-03-01,C10113,Store,3,USD,Completed
SO-503465,2026-02-26,17,2026-02-26,2026-02-27,C10113,Online,3,USD,Completed
SO-503466,2026-02-27,20,2026-02-27,2026-03-02,C10420,Store,4,USD,Completed
SO-503467,2026-02-27,8,2026-02-27,2026-03-02,C10062,Online,2,USD,Completed
SO-503468,2026-02-27,11,2026-02-27,,C10157,Wholesale,4,USD,Cancelled
SO-503469,2026-02-27,8,2026-02-27,2026-03-02,C10354,Store,3,USD,Completed
SO-503470,2026-02-27,22,2026-02-27,2026-03-01,C10240,Online,1,USD,Completed
SO-503471,2026-02-27,20,2026-02-27,2026-03-06,C10373,Wholesale,4,USD,Completed
SO-503472,2026-02-28,10,2026-02-28,2026-03-02,C10099,Online,5,EUR,Completed
SO-503473,2026-02-28,8,2026-02-28,2026-03-03,C10010,Store,2,USD,Completed
SO-503474,2026-02-28,15,2026-02-28,2026-03-04,C10141,Store,1,USD,Completed
SO-503475,2026-02-28,9,2026-02-28,2026-03-04,C10394,Online,5,EUR,Completed
SO-503476,2026-02-28,21,2026-03-01,2026-03-04,C10066,Marketplace,3,USD,Completed
SO-503477,2026-02-28,21,2026-03-01,2026-03-04,C10301,Marketplace,1,USD,Completed
SO-503478,2026-02-28,9,2026-02-28,2026-03-03,C10204,Wholesale,1,USD,Completed
SO-503479,2026-02-28,15,2026-02-28,2026-03-02,C10083,Online,4,USD,Completed
SO-503480,2026-03-01,17,2026-03-01,2026-03-03,C10114,Marketplace,3,USD,Completed
SO-503481,2026-03-01,9,2026-03-01,2026-03-04,C10083,Online,4,USD,Completed
SO-503482,2026-03-01,15,2026-03-01,2026-03-03,C10344,Online,4,USD,Completed
SO-503483,2026-03-01,9,2026-03-01,2026-03-03,C10083,Online,4,USD,Completed
SO-503484,2026-03-01,21,2026-03-01,2026-03-04,C10386,Online,1,USD,Completed
SO-503485,2026-03-01,16,2026-03-01,2026-03-02,C10082,Store,1,USD,Completed
SO-503486,2026-03-01,18,2026-03-01,2026-03-05,C10419,Online,3,USD,Completed
SO-503487,2026-03-01,9,2026-03-01,2026-03-03,C10072,Store,2,USD,Completed
SO-503488,2026-03-02,11,2026-03-02,2026-03-05,C10259,Store,4,USD,Completed
SO-503489,2026-03-02,17,2026-03-02,2026-03-04,C10191,Online,3,USD,Completed
SO-503490,2026-03-02,9,2026-03-02,2026-03-03,C10057,Online,1,USD,Completed
SO-503491,2026-03-02,14,2026-03-02,2026-03-06,C10346,Online,1,USD,Completed
SO-503492,2026-03-02,12,2026-03-02,,C10042,Online,3,USD,Cancelled
SO-503493,2026-03-02,11,2026-03-02,2026-03-03,C10375,Store,3,USD,Completed
SO-503494,2026-03-02,11,2026-03-02,2026-03-05,C10390,Online,3,USD,Completed
SO-503495,2026-03-02,13,2026-03-02,2026-03-04,C10305,Store,3,USD,Completed
SO-503496,2026-03-03,22,2026-03-03,2026-03-07,C10197,Store,3,USD,Completed
SO-503497,2026-03-03,11,2026-03-03,2026-03-04,C10138,Online,4,USD,Completed
SO-503498,2026-03-03,20,2026-03-03,2026-03-05,C10057,Online,1,USD,Completed
SO-503499,2026-03-03,21,2026-03-03,2026-03-04,C10041,Marketplace,4,USD,Completed
SO-503500,2026-03-03,20,2026-03-03,2026-03-04,C10111,Store,5,EUR,Completed
SO-503501,2026-03-03,22,2026-03-03,2026-03-07,C10073,Online,1,USD,Completed
SO-503502,2026-03-04,9,2026-03-04,2026-03-06,C10387,Wholesale,1,USD,Completed
SO-503503,2026-03-04,9,2026-03-04,2026-03-08,C10373,Online,2,USD,Completed
SO-503504,2026-03-04,13,2026-03-04,2026-03-05,C10348,Store,1,USD,Completed
SO-503505,2026-03-04,14,2026-03-04,2026-03-06,C10100,Marketplace,4,USD,Completed
SO-503506,2026-03-04,13,2026-03-04,2026-03-07,C10141,Marketplace,1,USD,Completed
SO-503507,2026-03-05,20,2026-03-05,2026-03-09,C10275,Marketplace,2,USD,Completed
SO-503508,2026-03-05,14,2026-03-05,2026-03-08,C10094,Online,1,USD,Completed
SO-503509,2026-03-05,14,2026-03-05,2026-03-07,C10319,Online,1,USD,Completed
SO-503510,2026-03-05,20,2026-03-05,2026-03-09,C10203,Store,3,USD,Completed
SO-503511,2026-03-05,16,2026-03-05,2026-03-11,C10327,Wholesale,1,USD,Completed
SO-503512,2026-03-05,17,2026-03-05,2026-03-08,C10045,Store,1,USD,Completed
SO-503513,2026-03-05,8,2026-03-05,2026-03-07,C10216,Store,2,USD,Completed
SO-503514,2026-03-05,20,2026-03-05,2026-03-09,C10368,Online,1,USD,Completed
SO-503515,2026-03-05,11,2026-03-05,2026-03-08,C10195,Online,3,USD,Completed
SO-503516,2026-03-06,12,2026-03-06,2026-03-10,C10127,Store,3,USD,Completed
SO-503517,2026-03-06,12,2026-03-06,2026-03-10,C10217,Online,3,USD,Completed
SO-503518,2026-03-06,19,2026-03-06,2026-03-09,C10168,Online,1,USD,Completed
SO-503519,2026-03-06,22,2026-03-06,2026-03-09,C10415,Online,3,USD,Completed
SO-503520,2026-03-06,15,2026-03-06,2026-03-08,C10314,Online,3,USD,Completed
SO-503521,2026-03-07,14,2026-03-07,2026-03-10,C10411,Online,3,USD,Completed
SO-503522,2026-03-07,12,2026-03-07,2026-03-08,C10103,Online,5,EUR,Completed
SO-503523,2026-03-07,13,2026-03-07,2026-03-09,C10410,Store,3,USD,Completed
SO-503524,2026-03-07,9,2026-03-07,2026-03-11,C10323,Store,2,USD,Completed
SO-503525,2026-03-07,20,2026-03-07,2026-03-10,C10147,Online,1,USD,Completed
SO-503526,2026-03-07,21,2026-03-07,2026-03-08,C10018,Online,1,USD,Completed
SO-503527,2026-03-07,19,2026-03-07,2026-03-08,C10266,Marketplace,3,USD,Completed
SO-503528,2026-03-07,10,2026-03-07,2026-03-08,C10259,Wholesale,4,USD,Completed
SO-503529,2026-03-07,11,2026-03-07,2026-03-11,C10177,Online,2,USD,Completed
SO-503530,2026-03-08,17,2026-03-08,2026-03-10,C10177,Marketplace,1,USD,Completed
SO-503531,2026-03-08,19,2026-03-08,2026-03-10,C10215,Online,2,USD,Completed
SO-503532,2026-03-08,8,2026-03-08,2026-03-12,C10259,Marketplace,4,USD,Completed
SO-503533,2026-03-08,20,2026-03-08,2026-03-10,C10268,Online,1,USD,Completed
SO-503534,2026-03-08,13,2026-03-08,2026-03-12,C10090,Marketplace,3,USD,Completed
SO-503535,2026-03-08,20,2026-03-08,2026-03-11,C10188,Store,1,USD,Completed
SO-503536,2026-03-08,14,2026-03-08,2026-03-12,C10316,Store,1,USD,Completed
SO-503537,2026-03-09,19,2026-03-09,2026-03-11,C10135,Store,2,USD,Completed
SO-503538,2026-03-09,20,2026-03-09,2026-03-11,C10252,Store,3,USD,Completed
SO-503539,2026-03-09,18,2026-03-09,2026-03-12,C10178,Store,2,USD,Completed
SO-503540,2026-03-09,11,2026-03-09,2026-03-12,C10088,Store,3,USD,Completed
SO-503541,2026-03-09,15,2026-03-09,2026-03-12,C10298,Store,2,USD,Completed
SO-503542,2026-03-09,10,2026-03-09,2026-03-11,C10149,Online,4,USD,Completed
SO-503543,2026-03-09,8,2026-03-09,2026-03-13,C10249,Store,1,USD,Completed
SO-503544,2026-03-09,22,2026-03-09,2026-03-11,C10348,Store,1,USD,Completed
SO-503545,2026-03-10,17,2026-03-10,2026-03-13,C10407,Online,4,USD,Completed
SO-503546,2026-03-10,20,2026-03-10,2026-03-12,C10190,Store,1,USD,Completed
SO-503547,2026-03-10,19,2026-03-10,2026-03-12,C10235,Online,4,USD,Completed
SO-503548,2026-03-10,8,2026-03-10,2026-03-13,C10206,Online,1,USD,Completed
SO-503549,2026-03-10,17,2026-03-10,2026-03-11,C10136,Online,3,USD,Completed
SO-503550,2026-03-10,15,2026-03-10,2026-03-13,C10183,Store,2,USD,Completed
SO-503551,2026-03-11,10,2026-03-11,2026-03-14,C10018,Marketplace,1,USD,Completed
SO-503552,2026-03-11,11,2026-03-11,2026-03-15,C10052,Store,3,USD,Completed
SO-503553,2026-03-11,18,2026-03-11,2026-03-12,C10015,Store,4,USD,Completed
SO-503554,2026-03-11,12,2026-03-11,2026-03-15,C10327,Store,4,USD,Completed
SO-503555,2026-03-11,17,2026-03-11,2026-03-15,C10076,Staff,2,USD,Completed
SO-503556,2026-03-11,15,2026-03-11,2026-03-13,C10178,Online,2,USD,Completed
SO-503557,2026-03-11,9,2026-03-11,2026-03-13,C10364,Store,2,USD,Completed
SO-503558,2026-03-11,9,2026-03-11,2026-03-15,C10316,Store,1,USD,Completed
SO-503559,2026-03-12,17,2026-03-12,2026-03-15,C10348,Store,3,USD,Completed
SO-503560,2026-03-12,16,2026-03-12,2026-03-15,C10343,Online,5,EUR,Completed
SO-503561,2026-03-12,21,2026-03-12,2026-03-16,C10302,Store,3,USD,Completed
SO-503562,2026-03-12,18,2026-03-12,2026-03-16,C10118,Store,1,USD,Completed
SO-503563,2026-03-12,9,2026-03-12,2026-03-13,C10141,Store,1,USD,Completed
SO-503564,2026-03-12,12,2026-03-12,2026-03-14,C10039,Online,5,EUR,Completed
SO-503565,2026-03-12,17,2026-03-12,2026-03-13,C10098,Online,3,USD,Completed
SO-503566,2026-03-12,18,2026-03-12,2026-03-14,C10276,Online,2,USD,Completed
SO-503567,2026-03-13,8,2026-03-13,2026-03-15,C10196,Store,4,USD,Completed
SO-503568,2026-03-13,18,2026-03-13,2026-03-14,C10083,Store,4,USD,Completed
SO-503569,2026-03-13,20,2026-03-13,2026-03-14,C10070,Store,5,EUR,Completed
SO-503570,2026-03-13,14,2026-03-13,2026-03-14,C10014,Store,3,USD,Completed
SO-503571,2026-03-13,14,2026-03-13,2026-03-17,C10367,Store,5,EUR,Completed
SO-503572,2026-03-13,19,2026-03-13,2026-03-17,C10108,Online,2,USD,Completed
SO-503573,2026-03-13,9,2026-03-13,2026-03-14,C10172,Store,2,USD,Completed
SO-503574,2026-03-13,9,2026-03-13,2026-03-16,C10188,Staff,4,USD,Completed
SO-503575,2026-03-13,19,2026-03-13,2026-03-20,C10345,Wholesale,2,USD,Completed
SO-503576,2026-03-14,13,2026-03-14,2026-03-17,C10203,Online,3,USD,Completed
SO-503577,2026-03-14,15,2026-03-14,2026-03-17,C10216,Online,2,USD,Completed
SO-503578,2026-03-14,21,2026-03-14,,C10420,Store,4,USD,Cancelled
SO-503579,2026-03-14,8,2026-03-14,2026-03-18,C10395,Online,1,USD,Completed
SO-503580,2026-03-14,13,2026-03-14,2026-03-15,C10419,Online,2,USD,Completed
SO-503581,2026-03-14,18,2026-03-14,2026-03-15,C10227,Marketplace,1,USD,Completed
SO-503582,2026-03-14,9,2026-03-14,2026-03-15,C10034,Store,1,USD,Completed
SO-503583,2026-03-15,11,2026-03-15,2026-03-19,C10027,Online,2,USD,Completed
SO-503584,2026-03-15,9,2026-03-15,2026-03-17,C10201,Online,3,USD,Completed
SO-503585,2026-03-15,14,2026-03-15,2026-03-18,C10221,Online,1,USD,Completed
SO-503586,2026-03-15,15,2026-03-15,2026-03-19,C10046,Online,1,USD,Completed
SO-503587,2026-03-15,9,2026-03-15,2026-03-18,C10113,Store,3,USD,Completed
SO-503588,2026-03-15,19,2026-03-15,2026-03-19,C10003,Online,3,USD,Completed
SO-503589,2026-03-15,17,2026-03-15,2026-03-19,C10379,Store,2,USD,Completed
SO-503590,2026-03-15,9,2026-03-15,2026-03-17,C10208,Online,1,USD,Completed
SO-503591,2026-03-16,18,2026-03-16,2026-03-19,C10148,Store,5,EUR,Completed
SO-503592,2026-03-16,21,2026-03-16,2026-03-19,C10386,Online,4,USD,Completed
SO-503593,2026-03-16,11,2026-03-16,2026-03-20,C10396,Online,1,USD,Completed
SO-503594,2026-03-16,14,2026-03-16,2026-03-18,C10163,Online,3,USD,Completed
SO-503595,2026-03-16,18,2026-03-16,2026-03-18,C10390,Store,3,USD,Completed
SO-503596,2026-03-16,9,2026-03-16,2026-03-20,C10328,Store,2,USD,Completed
SO-503597,2026-03-16,17,2026-03-16,2026-03-20,C10017,Store,1,USD,Completed
SO-503598,2026-03-16,9,2026-03-16,2026-03-20,C10014,Marketplace,3,USD,Completed
SO-503599,2026-03-16,9,2026-03-16,2026-03-20,C10100,Store,3,USD,Completed
SO-503600,2026-03-17,18,2026-03-17,2026-03-19,C10345,Online,2,USD,Completed
SO-503601,2026-03-17,13,2026-03-17,2026-03-18,C10233,Online,1,USD,Completed
SO-503602,2026-03-17,16,2026-03-17,2026-03-19,C10396,Store,1,USD,Completed
SO-503603,2026-03-17,21,2026-03-17,2026-03-20,C10093,Marketplace,3,USD,Completed
SO-503604,2026-03-17,12,2026-03-17,2026-03-19,C10179,Store,3,USD,Completed
SO-503605,2026-03-17,8,2026-03-17,2026-03-18,C10018,Store,1,USD,Completed
SO-503606,2026-03-17,19,2026-03-17,2026-03-18,C10287,Store,2,USD,Completed
SO-503607,2026-03-17,8,2026-03-17,2026-03-21,C10161,Store,3,USD,Completed
SO-503608,2026-03-18,12,2026-03-18,2026-03-20,C10306,Online,3,USD,Completed
SO-503609,2026-03-18,20,2026-03-18,2026-03-19,C10308,Store,1,USD,Completed
SO-503610,2026-03-18,19,2026-03-18,2026-03-22,C10015,Online,4,USD,Completed
SO-503611,2026-03-18,10,2026-03-18,2026-03-21,C10261,Online,3,USD,Completed
SO-503612,2026-03-18,8,2026-03-18,2026-03-20,C10255,Online,3,USD,Completed
SO-503613,2026-03-18,21,2026-03-18,2026-03-21,C10190,Store,1,USD,Completed
SO-503614,2026-03-18,8,2026-03-18,2026-03-19,C10153,Online,1,USD,Completed
SO-503615,2026-03-18,18,2026-03-18,2026-03-20,C10301,Online,2,USD,Completed
SO-503616,2026-03-18,17,2026-03-18,2026-03-20,C10122,Online,3,USD,Completed
SO-503617,2026-03-19,17,2026-03-19,2026-03-22,C10396,Store,1,USD,Completed
SO-503618,2026-03-19,14,2026-03-19,2026-03-20,C10037,Store,1,USD,Completed
SO-503619,2026-03-19,10,2026-03-19,2026-03-22,C10047,Marketplace,2,USD,Completed
SO-503620,2026-03-19,13,2026-03-19,2026-03-23,C10323,Marketplace,2,USD,Completed
SO-503621,2026-03-19,15,2026-03-19,2026-03-20,C10269,Store,2,USD,Completed
SO-503622,2026-03-19,22,2026-03-19,2026-03-20,C10317,Store,5,EUR,Completed
SO-503623,2026-03-19,18,2026-03-19,2026-03-20,C10124,Store,3,USD,Completed
SO-503624,2026-03-19,14,2026-03-19,2026-03-22,C10030,Store,3,USD,Completed
SO-503625,2026-03-20,18,2026-03-20,2026-03-23,C10195,Store,3,USD,Completed
SO-503626,2026-03-20,9,2026-03-20,2026-03-22,C10250,Store,4,USD,Completed
SO-503627,2026-03-20,17,2026-03-20,2026-03-22,C10325,Store,2,USD,Completed
SO-503628,2026-03-20,14,2026-03-20,2026-03-23,C10201,Store,3,USD,Completed
SO-503629,2026-03-20,11,2026-03-20,2026-03-24,C10395,Marketplace,1,USD,Completed
SO-503630,2026-03-20,22,2026-03-20,2026-03-21,C10117,Store,2,USD,Completed
SO-503631,2026-03-20,11,2026-03-20,2026-03-21,C10203,Online,3,USD,Completed
SO-503632,2026-03-20,10,2026-03-20,2026-03-23,C10230,Store,3,USD,Completed
SO-503633,2026-03-21,11,2026-03-21,2026-03-25,C10317,Store,5,EUR,Completed
SO-503634,2026-03-21,18,2026-03-21,2026-03-24,C10387,Marketplace,2,USD,Completed
SO-503635,2026-03-21,10,2026-03-21,2026-03-25,C10188,Store,4,USD,Completed
SO-503636,2026-03-21,9,2026-03-21,2026-03-25,C10173,Online,1,USD,Completed
SO-503637,2026-03-21,14,2026-03-21,2026-03-25,C10113,Store,2,USD,Completed
SO-503638,2026-03-21,13,2026-03-21,2026-03-25,C10083,Store,4,USD,Completed
SO-503639,2026-03-21,12,2026-03-21,2026-03-22,C10380,Online,2,USD,Completed
SO-503640,2026-03-21,16,2026-03-21,,C10042,Online,3,USD,Cancelled
SO-503641,2026-03-22,15,2026-03-22,2026-03-24,C10058,Online,2,USD,Completed
SO-503642,2026-03-22,22,2026-03-22,2026-03-26,C10396,Online,1,USD,Completed
SO-503643,2026-03-22,19,2026-03-22,2026-03-26,C10136,Store,3,USD,Completed
SO-503644,2026-03-22,10,2026-03-22,,C10042,Wholesale,3,USD,Cancelled
SO-503645,2026-03-22,12,2026-03-22,2026-03-23,C10401,Store,2,USD,Completed
SO-503646,2026-03-22,10,2026-03-22,2026-03-26,C10032,Online,3,USD,Completed
SO-503647,2026-03-22,8,2026-03-22,2026-03-23,C10383,Store,1,USD,Completed
SO-503648,2026-03-22,14,2026-03-22,2026-03-24,C10348,Online,1,USD,Completed
SO-503649,2026-03-22,8,2026-03-22,2026-03-26,C10360,Online,1,USD,Completed
SO-503650,2026-03-22,18,2026-03-22,2026-03-26,C10396,Online,1,USD,Completed
SO-503651,2026-03-23,16,2026-03-23,2026-03-26,C10406,Store,2,USD,Completed
SO-503652,2026-03-23,21,2026-03-23,2026-03-24,C10020,Store,1,USD,Completed
SO-503653,2026-03-23,14,2026-03-23,2026-03-29,C10348,Wholesale,1,USD,Completed
SO-503654,2026-03-23,9,2026-03-23,2026-03-26,C10110,Store,4,USD,Completed
SO-503655,2026-03-23,22,2026-03-23,2026-03-27,C10237,Online,5,EUR,Completed
SO-503656,2026-03-23,15,2026-03-23,2026-03-25,C10352,Online,1,USD,Completed
SO-503657,2026-03-24,21,2026-03-24,2026-03-26,C10165,Store,5,EUR,Completed
SO-503658,2026-03-24,11,2026-03-24,2026-03-27,C10284,Online,4,USD,Completed
SO-503659,2026-03-24,8,2026-03-24,2026-03-26,C10259,Store,1,USD,Completed
SO-503660,2026-03-24,14,2026-03-24,2026-03-26,C10209,Store,3,USD,Completed
SO-503661,2026-03-24,12,2026-03-24,2026-03-27,C10079,Online,3,USD,Completed
SO-503662,2026-03-25,12,2026-03-25,2026-03-28,C10320,Online,3,USD,Completed
SO-503663,2026-03-25,13,2026-03-25,2026-03-28,C10238,Online,5,EUR,Completed
SO-503664,2026-03-25,8,2026-03-25,2026-03-28,C10037,Store,1,USD,Completed
SO-503665,2026-03-25,18,2026-03-25,2026-03-27,C10141,Online,2,USD,Completed
SO-503666,2026-03-25,18,2026-03-25,2026-03-27,C10205,Online,1,USD,Completed
SO-503667,2026-03-25,10,2026-03-25,2026-03-28,C10017,Store,1,USD,Completed
SO-503668,2026-03-25,21,2026-03-25,2026-03-27,C10242,Store,1,USD,Completed
SO-503669,2026-03-26,8,2026-03-26,2026-04-02,C10380,Wholesale,2,USD,Completed
SO-503670,2026-03-26,16,2026-03-26,2026-03-28,C10002,Marketplace,3,USD,Completed
SO-503671,2026-03-26,8,2026-03-26,2026-03-30,C10208,Store,1,USD,Completed
SO-503672,2026-03-26,15,2026-03-26,2026-03-27,C10367,Online,5,EUR,Completed
SO-503673,2026-03-26,13,2026-03-26,2026-03-29,C10018,Store,1,USD,Completed
SO-503674,2026-03-26,18,2026-03-26,2026-03-29,C10316,Store,1,USD,Completed
SO-503675,2026-03-26,12,2026-03-26,2026-03-27,C10229,Online,4,USD,Completed
SO-503676,2026-03-26,14,2026-03-26,2026-03-29,C10148,Wholesale,5,EUR,Completed
SO-503677,2026-03-27,17,2026-03-27,2026-03-30,C10331,Store,5,EUR,Completed
SO-503678,2026-03-27,12,2026-03-27,2026-03-31,C10357,Online,1,USD,Completed
SO-503679,2026-03-27,18,2026-03-27,2026-03-28,C10139,Online,1,USD,Completed
SO-503680,2026-03-27,10,2026-03-27,2026-03-28,C10249,Online,1,USD,Completed
SO-503681,2026-03-27,18,2026-03-27,,C10248,Store,4,USD,Cancelled
SO-503682,2026-03-27,11,2026-03-27,2026-04-01,C10350,Wholesale,1,USD,Completed
SO-503683,2026-03-27,17,2026-03-27,2026-03-29,C10112,Online,2,USD,Completed
SO-503684,2026-03-27,17,2026-03-27,2026-03-28,C10277,Online,2,USD,Completed
SO-503685,2026-03-28,8,2026-03-28,2026-03-29,C10188,Online,4,USD,Completed
SO-503686,2026-03-28,14,2026-03-28,2026-03-31,C10230,Store,3,USD,Completed
SO-503687,2026-03-28,12,2026-03-28,2026-03-30,C10352,Online,1,USD,Completed
SO-503688,2026-03-28,9,2026-03-28,2026-04-01,C10377,Online,3,USD,Completed
SO-503689,2026-03-28,22,2026-03-28,2026-04-01,C10300,Online,4,USD,Completed
SO-503690,2026-03-28,18,2026-03-28,2026-03-29,C10249,Online,1,USD,Completed
SO-503691,2026-03-28,15,2026-03-28,2026-03-30,C10166,Online,1,USD,Completed
SO-503692,2026-03-28,15,2026-03-28,2026-04-01,C10141,Online,1,USD,Completed
SO-503693,2026-03-29,18,2026-03-29,2026-03-30,C10306,Online,4,USD,Completed
SO-503694,2026-03-29,20,2026-03-29,2026-03-30,C10143,Online,1,USD,Completed
SO-503695,2026-03-29,15,2026-03-29,2026-04-02,C10042,Store,3,USD,Completed
SO-503696,2026-03-29,15,2026-03-29,2026-04-01,C10299,Online,2,USD,Completed
SO-503697,2026-03-29,19,2026-03-29,2026-04-01,C10017,Staff,1,USD,Completed
SO-503698,2026-03-29,19,2026-03-29,2026-04-03,C10002,Wholesale,1,USD,Completed
SO-503699,2026-03-29,11,2026-03-29,,C10241,Online,2,USD,Cancelled
SO-503700,2026-03-30,20,2026-03-30,2026-04-01,C10002,Marketplace,3,USD,Completed
SO-503701,2026-03-30,16,2026-03-30,2026-04-02,C10224,Online,3,USD,Completed
SO-503702,2026-03-30,15,2026-03-30,2026-03-31,C10139,Online,1,USD,Completed
SO-503703,2026-03-30,22,2026-03-30,2026-04-03,C10386,Store,1,USD,Completed
SO-503704,2026-03-30,13,2026-03-30,2026-04-03,C10037,Online,1,USD,Completed
SO-503705,2026-03-30,18,2026-03-30,2026-04-01,C10277,Online,1,USD,Completed
SO-503706,2026-03-31,8,2026-03-31,2026-04-04,C10041,Online,1,USD,Completed
SO-503707,2026-03-31,14,2026-03-31,2026-04-07,C10083,Wholesale,4,USD,Completed
SO-503708,2026-03-31,14,2026-03-31,2026-04-04,C10238,Store,5,EUR,Completed
SO-503709,2026-03-31,18,2026-04-01,2026-04-02,C10255,Marketplace,2,USD,Completed
SO-503710,2026-03-31,17,2026-03-31,2026-04-03,C10381,Store,4,USD,Completed
SO-503711,2026-03-31,13,2026-03-31,2026-04-02,C10355,Store,2,USD,Completed
SO-503712,2026-03-31,22,2026-04-01,2026-04-04,C10161,Store,1,USD,Completed
SO-503713,2025-11-14,10,2025-11-14,2025-11-15,C19999,Online,1,USD,Completed
SO-503714,2026-01-22,10,2026-01-22,2026-01-23,C19999,Online,1,USD,Completed
SO-503715,2026-03-05,10,2026-03-05,2026-03-06,C19999,Online,1,USD,Completed
